  A
  4
  1,  138000.0,    7006.0,    3700.0,0.30,0.180,  0.0,0.122E-01,-.100E-01, 1876.0, 1372.0,   71.0,   95.0,  100.0,   70.0,   30.0
  2,  138000.0,    7006.0,    3700.0,0.30,0.180, 45.0,0.122E-01,-.100E-01, 1876.0, 1372.0,   71.0,   95.0,  100.0,   70.0,   30.0
  3,  138000.0,    7006.0,    3700.0,0.30,0.180,-45.0,0.122E-01,-.100E-01, 1876.0, 1372.0,   71.0,   95.0,  100.0,   70.0,   30.0
  4,  138000.0,    7006.0,    3700.0,0.30,0.180, 90.0,0.122E-01,-.100E-01, 1876.0, 1372.0,   71.0,   95.0,  100.0,   70.0,   30.0
 24
  2,3,1,1,1,4,1,1,1,3,2,1,1,2,3,1,1,1,4,1,1,1,3,2
 5,400,100,100 
 0.3,0.01 
 1,10.0
