5
  5   10   1
    110  -90       1
     90  -70      10
     70  -50     100
     50  -30    1000
     30  -10   10000
  5   20   2
    120  -80       1
    100  -60      10
     80  -40     100
     60  -20    1000
     40    0   10000
  5   30   3
    130  -70       1
    110  -50      10
     90  -30     100
     70  -10    1000
     50   10   10000
  5   40   4
    140  -60       1
    120  -40      10
    100  -20     100
     80    0    1000
     60   20   10000
  5   50   5
    150  -50       1
    130  -30      10
    110  -10     100
     90   10    1000
     70   30   10000
5
  5   10   1
    110  -90       1
     90  -70      10
     70  -50     100
     50  -30    1000
     30  -10   10000
  5   20   2
    120  -80       1
    100  -60      10
     80  -40     100
     60  -20    1000
     40    0   10000
  5   30   3
    130  -70       1
    110  -50      10
     90  -30     100
     70  -10    1000
     50   10   10000
  5   40   4
    140  -60       1
    120  -40      10
    100  -20     100
     80    0    1000
     60   20   10000
  5   50   5
    150  -50       1
    130  -30      10
    110  -10     100
     90   10    1000
     70   30   10000
