 5
   20    10.00   5
         32.00    -12.00       36904
         36.00    -16.00       23285
         40.00    -20.00       14692
         44.00    -24.00        9270
         48.00    -28.00        5849
         52.00    -32.00        3690
         56.00    -36.00        2329
         60.00    -40.00        1469
         64.00    -44.00         927
         68.00    -48.00         585
         72.00    -52.00         369
         76.00    -56.00         233
         80.00    -60.00         147
         84.00    -64.00          93
         88.00    -68.00          58
         92.00    -72.00          37
         96.00    -76.00          23
        100.00    -80.00          15
        104.00    -84.00           9
        108.00    -88.00           6
   20    20.00   5
         42.50     -2.50       43766
         47.50     -7.50       24611
         52.50    -12.50       13840
         57.50    -17.50        7783
         62.50    -22.50        4377
         67.50    -27.50        2461
         72.50    -32.50        1384
         77.50    -37.50         778
         82.50    -42.50         438
         87.50    -47.50         246
         92.50    -52.50         138
         97.50    -57.50          78
        102.50    -62.50          44
        107.50    -67.50          25
        112.50    -72.50          14
        117.50    -77.50           8
        122.50    -82.50           4
        127.50    -87.50           2
        132.50    -92.50           1
        137.50    -97.50           1
   18    30.00   5
         42.50     17.50      138400
         47.50     12.50       77828
         52.50      7.50       43766
         57.50      2.50       24611
         62.50     -2.50       13840
         67.50     -7.50        7783
         72.50    -12.50        4377
         77.50    -17.50        2461
         82.50    -22.50        1384
         87.50    -27.50         778
         92.50    -32.50         438
         97.50    -37.50         246
        102.50    -42.50         138
        107.50    -47.50          78
        112.50    -52.50          44
        117.50    -57.50          25
        122.50    -62.50          14
        127.50    -67.50           8
   19    40.00   5
         49.00     31.00      249998
         55.00     25.00      125296
         61.00     19.00       62797
         67.00     13.00       31473
         73.00      7.00       15774
         79.00      1.00        7906
         85.00     -5.00        3962
         91.00    -11.00        1986
         97.00    -17.00         995
        103.00    -23.00         499
        109.00    -29.00         250
        115.00    -35.00         125
        121.00    -41.00          63
        127.00    -47.00          31
        133.00    -53.00          16
        139.00    -59.00           8
        145.00    -65.00           4
        151.00    -71.00           2
        157.00    -77.00           1
    5    50.00   5
        150.00    -50.00          10
        130.00    -30.00         100
        110.00    -10.00        1000
         90.00     10.00       10000
         70.00     30.00      100000
 5
   20    10.00   5
         32.00    -12.00       36904
         36.00    -16.00       23285
         40.00    -20.00       14692
         44.00    -24.00        9270
         48.00    -28.00        5849
         52.00    -32.00        3690
         56.00    -36.00        2329
         60.00    -40.00        1469
         64.00    -44.00         927
         68.00    -48.00         585
         72.00    -52.00         369
         76.00    -56.00         233
         80.00    -60.00         147
         84.00    -64.00          93
         88.00    -68.00          58
         92.00    -72.00          37
         96.00    -76.00          23
        100.00    -80.00          15
        104.00    -84.00           9
        108.00    -88.00           6
   20    20.00   5
         42.50     -2.50       43766
         47.50     -7.50       24611
         52.50    -12.50       13840
         57.50    -17.50        7783
         62.50    -22.50        4377
         67.50    -27.50        2461
         72.50    -32.50        1384
         77.50    -37.50         778
         82.50    -42.50         438
         87.50    -47.50         246
         92.50    -52.50         138
         97.50    -57.50          78
        102.50    -62.50          44
        107.50    -67.50          25
        112.50    -72.50          14
        117.50    -77.50           8
        122.50    -82.50           4
        127.50    -87.50           2
        132.50    -92.50           1
        137.50    -97.50           1
   18    30.00   5
         42.50     17.50      138400
         47.50     12.50       77828
         52.50      7.50       43766
         57.50      2.50       24611
         62.50     -2.50       13840
         67.50     -7.50        7783
         72.50    -12.50        4377
         77.50    -17.50        2461
         82.50    -22.50        1384
         87.50    -27.50         778
         92.50    -32.50         438
         97.50    -37.50         246
        102.50    -42.50         138
        107.50    -47.50          78
        112.50    -52.50          44
        117.50    -57.50          25
        122.50    -62.50          14
        127.50    -67.50           8
   19    40.00   5
         49.00     31.00      249998
         55.00     25.00      125296
         61.00     19.00       62797
         67.00     13.00       31473
         73.00      7.00       15774
         79.00      1.00        7906
         85.00     -5.00        3962
         91.00    -11.00        1986
         97.00    -17.00         995
        103.00    -23.00         499
        109.00    -29.00         250
        115.00    -35.00         125
        121.00    -41.00          63
        127.00    -47.00          31
        133.00    -53.00          16
        139.00    -59.00           8
        145.00    -65.00           4
        151.00    -71.00           2
        157.00    -77.00           1
    5    50.00   5
        150.00    -50.00          10
        130.00    -30.00         100
        110.00    -10.00        1000
         90.00     10.00       10000
         70.00     30.00      100000
SEG   1 
SEG   2 
SEG   3 
SEG   4 
SEG   5 
SEG   1 
SEG   2 
SEG   3 
SEG   4 
SEG   5 
