5
  13
    60.0    40.0    20.0    50.0    80.0
    60.0    40.0    70.0   100.0    45.0
   -10.0    -5.0     0.0
  13
    60.0    40.0    20.0    50.0    80.0
    60.0    40.0    70.0   100.0    45.0
   -10.0    -5.0     0.0
  13
    60.0    40.0    20.0    50.0    80.0
    60.0    40.0    70.0   100.0    45.0
   -10.0    -5.0     0.0
  13
    60.0    40.0    20.0    50.0    80.0
    60.0    40.0    70.0   100.0    45.0
   -10.0    -5.0     0.0
  13
    60.0    40.0    20.0    50.0    80.0
    60.0    40.0    70.0   100.0    45.0
   -10.0    -5.0     0.0
