 ******************************************
 *                                        *
 *               <<< EH >>>               *
 *                                        *
 ******************************************
 * Stress and strain distributions around *
 * circular holes in infinite ortotropic  *
 * plates                                 *
 ******************************************

 Example 2: Program EH
 Stresses/Strains Around a Hole in an infinite orthotropic plate
 Input 2:  Stiffnes matrix
 4 Load Cases


            IN PLANE STIFFNESS MATRIX [A]
       =======================================
        3.7066E+05    4.8071E+04    0.0000E+00
        4.8071E+04    2.2094E+05    0.0000E+00
        0.0000E+00    0.0000E+00    4.8221E+04

       Total thickness of laminate =    4.0000


                     MEAN LAMINATE PROPERTIES               
       =====================================================
           Ex            Ey            Gxy           µxy
       ===========   ===========   ===========   ===========
        9.0051E+04    5.3675E+04    1.2055E+04    2.1758E-01



 Load case:   1
 ==============

                      X-Stress      Y-Stress     XY-Stress
                     ===========   ===========   ===========
                      1.0000E+02   -5.0000E+01   -1.0000E+02

 Ang      Sigma       X-Stress      Y-Stress      XY-Stress     X-Strain      Y-Strain      XY-Strain     Eps-Circ       Eps-Rad     Eps-RadCirc
 ===   ===========   ===========   ===========   ===========   ===========   ===========   ===========   ===========   ===========   ===========
   0   -2.4697E+02    0.0000E+00   -2.4697E+02    0.0000E+00    5.9672E-04   -4.6011E-03    0.0000E+00   -4.6011E-03    5.9672E-04    0.0000E+00
   5   -1.5374E+02   -1.1678E+00   -1.5257E+02    1.3348E+01    3.5567E-04   -2.8396E-03    1.1072E-03   -2.9115E-03    4.2753E-04    5.3556E-04
  10   -5.6673E+01   -1.7089E+00   -5.4964E+01    9.6916E+00    1.1383E-04   -1.0199E-03    8.0393E-04   -1.1232E-03    2.1712E-04    3.6770E-04
  15    3.3546E+01    2.2472E+00    3.1299E+01   -8.3865E+00   -5.0670E-05    5.7769E-04   -6.9567E-04    7.0951E-04   -1.8250E-04   -2.8829E-04
  20    1.1126E+02    1.3015E+01    9.8243E+01   -3.5758E+01   -9.2848E-05    1.7989E-03   -2.9661E-03    2.5309E-03   -8.2485E-04   -1.0562E-03
  25    1.7575E+02    3.1390E+01    1.4436E+02   -6.7316E+01   -2.1943E-07    2.6137E-03   -5.5839E-03    4.2856E-03   -1.6721E-03   -1.5869E-03
  30    2.2928E+02    5.7321E+01    1.7196E+02   -9.9282E+01    2.2104E-04    3.0652E-03   -8.2355E-03    5.9203E-03   -2.6340E-03   -1.6546E-03
  35    2.7521E+02    9.0541E+01    1.8467E+02   -1.2931E+02    5.5925E-04    3.2217E-03   -1.0726E-02    7.3854E-03   -3.6044E-03   -1.1666E-03
  40    3.1690E+02    1.3094E+02    1.8597E+02   -1.5604E+02    1.0047E-03    3.1483E-03   -1.2944E-02    8.6363E-03   -4.4833E-03   -1.3668E-04
  45    3.5734E+02    1.7867E+02    1.7867E+02   -1.7867E+02    1.5524E-03    2.8970E-03   -1.4821E-02    9.6350E-03   -5.1856E-03    1.3446E-03
  50    3.9896E+02    2.3412E+02    1.6484E+02   -1.9645E+02    2.2016E-03    2.5054E-03   -1.6296E-02    1.0351E-02   -5.6442E-03    3.1289E-03
  55    4.4363E+02    2.9768E+02    1.4595E+02   -2.0844E+02    2.9530E-03    1.9999E-03   -1.7290E-02    1.0763E-02   -5.8102E-03    5.0179E-03
  60    4.9226E+02    3.6919E+02    1.2306E+02   -2.1315E+02    3.8025E-03    1.4007E-03   -1.7681E-02    1.0858E-02   -5.6551E-03    6.7607E-03
  65    5.4401E+02    4.4684E+02    9.7163E+01   -2.0837E+02    4.7274E-03    7.3054E-04   -1.7284E-02    1.0634E-02   -5.1758E-03    8.0483E-03
  70    5.9450E+02    5.2496E+02    6.9543E+01   -1.9107E+02    5.6615E-03    2.7234E-05   -1.5849E-02    1.0096E-02   -4.4076E-03    8.5196E-03
  75    6.3298E+02    5.9058E+02    4.2402E+01   -1.5825E+02    6.4558E-03   -6.3699E-04   -1.3127E-02    9.2624E-03   -3.4435E-03    7.8216E-03
  80    6.3995E+02    6.2065E+02    1.9297E+01   -1.0944E+02    6.8456E-03   -1.1401E-03   -9.0779E-03    8.1572E-03   -2.4517E-03    5.7992E-03
  85    5.9119E+02    5.8670E+02    4.4907E+00   -5.1329E+01    6.5043E-03   -1.3339E-03   -4.2578E-03    6.8145E-03   -1.6440E-03    2.8320E-03
  90    4.7501E+02    4.7501E+02    1.2608E-11    7.7388E-05    5.2749E-03   -1.1477E-03    6.4194E-09    5.2749E-03   -1.1477E-03   -4.3267E-09
  95    3.1104E+02    3.0868E+02    2.3627E+00    2.7006E+01    3.4221E-03   -7.0180E-04    2.2401E-03    3.5853E-03   -8.6497E-04   -1.4900E-03
 100    1.4097E+02    1.3672E+02    4.2508E+00    2.4108E+01    1.5080E-03   -2.5115E-04    1.9998E-03    1.7969E-03   -5.4008E-04   -1.2775E-03
 105   -2.4429E+00   -2.2793E+00   -1.6365E-01   -6.1073E-01   -2.4916E-05    2.4584E-06   -5.0661E-05   -3.5747E-05    1.3290E-05    3.0186E-05
 110   -1.0935E+02   -9.6560E+01   -1.2792E+01   -3.5145E+01   -1.0414E-03   -5.0099E-06   -2.9153E-03   -1.8571E-03    8.1072E-04    1.5671E-03
 115   -1.8477E+02   -1.5177E+02   -3.3002E+01   -7.0773E+01   -1.6057E-03   -2.4813E-04   -5.8707E-03   -3.6118E-03    1.7580E-03    2.7337E-03
 120   -2.3785E+02   -1.7839E+02   -5.9463E+01   -1.0299E+02   -1.8373E-03   -6.7680E-04   -8.5433E-03   -5.2465E-03    2.7324E-03    3.2666E-03
 125   -2.7663E+02   -1.8562E+02   -9.1010E+01   -1.2998E+02   -1.8414E-03   -1.2471E-03   -1.0782E-02   -6.7116E-03    3.6231E-03    3.1290E-03
 130   -3.0690E+02   -1.8009E+02   -1.2680E+02   -1.5112E+02   -1.6935E-03   -1.9272E-03   -1.2535E-02   -7.9625E-03    4.3417E-03    2.4069E-03
 135   -3.3235E+02   -1.6617E+02   -1.6617E+02   -1.6617E+02   -1.4438E-03   -2.6944E-03   -1.3784E-02   -8.9612E-03    4.8230E-03    1.2506E-03
 140   -3.5511E+02   -1.4672E+02   -2.0839E+02   -1.7486E+02   -1.1258E-03   -3.5278E-03   -1.4504E-02   -9.6775E-03    5.0238E-03   -1.5317E-04
 145   -3.7597E+02   -1.2369E+02   -2.5228E+02   -1.7665E+02   -7.6401E-04   -4.4013E-03   -1.4653E-02   -1.0089E-02    4.9241E-03   -1.5938E-03
 150   -3.9443E+02   -9.8607E+01   -2.9582E+02   -1.7079E+02   -3.8026E-04   -5.2731E-03   -1.4167E-02   -1.0185E-02    4.5312E-03   -2.8464E-03
 155   -4.0845E+02   -7.2953E+01   -3.3550E+02   -1.5645E+02    5.1113E-07   -6.0743E-03   -1.2977E-02   -9.9600E-03    3.8862E-03   -3.6881E-03
 160   -4.1422E+02   -4.8454E+01   -3.6576E+02   -1.3313E+02    3.4568E-04   -6.6973E-03   -1.1043E-02   -9.4226E-03    3.0709E-03   -3.9323E-03
 165   -4.0607E+02   -2.7202E+01   -3.7887E+02   -1.0152E+02    6.1336E-04   -6.9929E-03   -8.4210E-03   -8.5886E-03    2.2091E-03   -3.4897E-03
 170   -3.7760E+02   -1.1386E+01   -3.6621E+02   -6.4573E+01    7.5840E-04   -6.7952E-03   -5.3564E-03   -7.4835E-03    1.4466E-03   -2.4499E-03
 175   -3.2425E+02   -2.4630E+00   -3.2179E+02   -2.8153E+01    7.5015E-04   -5.9891E-03   -2.3353E-03   -6.1407E-03    9.0172E-04   -1.1296E-03
 180   -2.4697E+02   -2.6221E-11   -2.4697E+02    8.0472E-05    5.9672E-04   -4.6011E-03    6.6752E-09   -4.6011E-03    5.9672E-04    3.2879E-09



 Load case:   2
 ==============

                      X-Stress      Y-Stress     XY-Stress
                     ===========   ===========   ===========
                      1.0000E+02    0.0000E+00    0.0000E+00

 Ang      Sigma       X-Stress      Y-Stress      XY-Stress     X-Strain      Y-Strain      XY-Strain     Eps-Circ       Eps-Rad     Eps-RadCirc
 ===   ===========   ===========   ===========   ===========   ===========   ===========   ===========   ===========   ===========   ===========
   0   -7.7205E+01    0.0000E+00   -7.7205E+01    0.0000E+00    1.8654E-04   -1.4384E-03    0.0000E+00   -1.4384E-03    1.8654E-04    0.0000E+00
   5   -7.3547E+01   -5.5867E-01   -7.2988E+01    6.3856E+00    1.7015E-04   -1.3585E-03    5.2969E-04   -1.3928E-03    2.0453E-04    2.5621E-04
  10   -6.3457E+01   -1.9135E+00   -6.1543E+01    1.0852E+01    1.2745E-04   -1.1420E-03    9.0016E-04   -1.2576E-03    2.4311E-04    4.1171E-04
  15   -4.9022E+01   -3.2839E+00   -4.5738E+01    1.2256E+01    7.4046E-05   -8.4420E-04    1.0166E-03   -1.0368E-03    2.6669E-04    4.2129E-04
  20   -3.2407E+01   -3.7909E+00   -2.8616E+01    1.0415E+01    2.7045E-05   -5.2397E-04    8.6397E-04   -7.3719E-04    2.4026E-04    3.0765E-04
  25   -1.5083E+01   -2.6939E+00   -1.2389E+01    5.7771E+00    1.8830E-08   -2.2430E-04    4.7921E-04   -3.6779E-04    1.4350E-04    1.3619E-04
  30    2.3296E+00    5.8239E-01    1.7472E+00   -1.0087E+00    2.2459E-06    3.1144E-05   -8.3675E-05    6.0151E-05   -2.6762E-05   -1.6811E-05
  35    1.9885E+01    6.5419E+00    1.3343E+01   -9.3429E+00    4.0408E-05    2.3278E-04   -7.7500E-04    5.3362E-04   -2.6043E-04   -8.4294E-05
  40    3.8097E+01    1.5741E+01    2.2357E+01   -1.8759E+01    1.2078E-04    3.7848E-04   -1.5561E-03    1.0382E-03   -5.3897E-04   -1.6432E-05
  45    5.7807E+01    2.8903E+01    2.8903E+01   -2.8903E+01    2.5113E-04    4.6865E-04   -2.3976E-03    1.5587E-03   -8.3889E-04    2.1752E-04
  50    8.0134E+01    4.7024E+01    3.3109E+01   -3.9458E+01    4.4220E-04    5.0323E-04   -3.2731E-03    2.0791E-03   -1.1337E-03    6.2846E-04
  55    1.0649E+02    7.1459E+01    3.5035E+01   -5.0036E+01    7.0888E-04    4.8007E-04   -4.1505E-03    2.5837E-03   -1.3948E-03    1.2045E-03
  60    1.3860E+02    1.0395E+02    3.4649E+01   -6.0014E+01    1.0706E-03    3.9438E-04   -4.9782E-03    3.0572E-03   -1.5922E-03    1.9035E-03
  65    1.7829E+02    1.4645E+02    3.1844E+01   -6.8290E+01    1.5494E-03    2.3943E-04   -5.6648E-03    3.4851E-03   -1.6963E-03    2.6378E-03
  70    2.2697E+02    2.0042E+02    2.6550E+01   -7.2945E+01    2.1614E-03    1.0397E-05   -6.0509E-03    3.8545E-03   -1.6827E-03    3.2526E-03
  75    2.8389E+02    2.6488E+02    1.9017E+01   -7.0973E+01    2.8954E-03   -2.8569E-04   -5.8873E-03    4.1542E-03   -1.5444E-03    3.5080E-03
  80    3.4322E+02    3.3287E+02    1.0349E+01   -5.8694E+01    3.6715E-03   -6.1147E-04   -4.8688E-03    4.3750E-03   -1.3149E-03    3.1103E-03
  85    3.9128E+02    3.8831E+02    2.9722E+00   -3.3972E+01    4.3049E-03   -8.8285E-04   -2.8180E-03    4.5102E-03   -1.0881E-03    1.8744E-03
  90    4.1024E+02    4.1024E+02    1.0889E-11    6.6837E-05    4.5557E-03   -9.9123E-04    5.5442E-09    4.5557E-03   -9.9123E-04   -3.7368E-09
  95    3.9128E+02    3.8831E+02    2.9722E+00    3.3972E+01    4.3049E-03   -8.8285E-04    2.8180E-03    4.5102E-03   -1.0881E-03   -1.8744E-03
 100    3.4322E+02    3.3287E+02    1.0349E+01    5.8695E+01    3.6715E-03   -6.1147E-04    4.8688E-03    4.3750E-03   -1.3149E-03   -3.1103E-03
 105    2.8389E+02    2.6488E+02    1.9017E+01    7.0973E+01    2.8954E-03   -2.8569E-04    5.8873E-03    4.1542E-03   -1.5444E-03   -3.5080E-03
 110    2.2697E+02    2.0042E+02    2.6550E+01    7.2945E+01    2.1614E-03    1.0398E-05    6.0509E-03    3.8545E-03   -1.6827E-03   -3.2526E-03
 115    1.7829E+02    1.4645E+02    3.1844E+01    6.8290E+01    1.5494E-03    2.3943E-04    5.6648E-03    3.4851E-03   -1.6963E-03   -2.6378E-03
 120    1.3860E+02    1.0395E+02    3.4649E+01    6.0014E+01    1.0706E-03    3.9438E-04    4.9782E-03    3.0572E-03   -1.5922E-03   -1.9035E-03
 125    1.0649E+02    7.1458E+01    3.5035E+01    5.0036E+01    7.0888E-04    4.8007E-04    4.1505E-03    2.5837E-03   -1.3948E-03   -1.2045E-03
 130    8.0134E+01    4.7024E+01    3.3109E+01    3.9458E+01    4.4220E-04    5.0323E-04    3.2731E-03    2.0791E-03   -1.1337E-03   -6.2846E-04
 135    5.7807E+01    2.8903E+01    2.8903E+01    2.8903E+01    2.5113E-04    4.6865E-04    2.3976E-03    1.5587E-03   -8.3889E-04   -2.1752E-04
 140    3.8097E+01    1.5741E+01    2.2356E+01    1.8759E+01    1.2078E-04    3.7848E-04    1.5561E-03    1.0382E-03   -5.3897E-04    1.6432E-05
 145    1.9885E+01    6.5419E+00    1.3343E+01    9.3428E+00    4.0408E-05    2.3278E-04    7.7500E-04    5.3362E-04   -2.6043E-04    8.4294E-05
 150    2.3295E+00    5.8238E-01    1.7471E+00    1.0087E+00    2.2458E-06    3.1143E-05    8.3673E-05    6.0150E-05   -2.6762E-05    1.6811E-05
 155   -1.5083E+01   -2.6939E+00   -1.2389E+01   -5.7771E+00    1.8875E-08   -2.2430E-04   -4.7921E-04   -3.6779E-04    1.4350E-04   -1.3619E-04
 160   -3.2407E+01   -3.7909E+00   -2.8616E+01   -1.0415E+01    2.7045E-05   -5.2398E-04   -8.6397E-04   -7.3719E-04    2.4026E-04   -3.0765E-04
 165   -4.9022E+01   -3.2839E+00   -4.5738E+01   -1.2256E+01    7.4046E-05   -8.4420E-04   -1.0166E-03   -1.0368E-03    2.6669E-04   -4.2129E-04
 170   -6.3457E+01   -1.9134E+00   -6.1543E+01   -1.0852E+01    1.2745E-04   -1.1420E-03   -9.0016E-04   -1.2576E-03    2.4311E-04   -4.1171E-04
 175   -7.3547E+01   -5.5867E-01   -7.2988E+01   -6.3856E+00    1.7015E-04   -1.3585E-03   -5.2969E-04   -1.3928E-03    2.0453E-04   -2.5621E-04
 180   -7.7205E+01   -8.1970E-12   -7.7205E+01    2.5156E-05    1.8654E-04   -1.4384E-03    2.0868E-09   -1.4384E-03    1.8654E-04    1.0278E-09



 Load case:   3
 ==============

                      X-Stress      Y-Stress     XY-Stress
                     ===========   ===========   ===========
                      0.0000E+00   -5.0000E+01    0.0000E+00

 Ang      Sigma       X-Stress      Y-Stress      XY-Stress     X-Strain      Y-Strain      XY-Strain     Eps-Circ       Eps-Rad     Eps-RadCirc
 ===   ===========   ===========   ===========   ===========   ===========   ===========   ===========   ===========   ===========   ===========
   0   -1.6976E+02    0.0000E+00   -1.6976E+02    0.0000E+00    4.1018E-04   -3.1627E-03    0.0000E+00   -3.1627E-03    4.1018E-04    0.0000E+00
   5   -1.6545E+02   -1.2568E+00   -1.6419E+02    1.4365E+01    3.8276E-04   -3.0559E-03    1.1916E-03   -3.1333E-03    4.6010E-04    5.7635E-04
  10   -1.5368E+02   -4.6340E+00   -1.4904E+02    2.6281E+01    3.0866E-04   -2.7656E-03    2.1800E-03   -3.0457E-03    5.8876E-04    9.9708E-04
  15   -1.3724E+02   -9.1934E+00   -1.2805E+02    3.4310E+01    2.0730E-04   -2.3634E-03    2.8461E-03   -2.9027E-03    7.4661E-04    1.1794E-03
  20   -1.1907E+02   -1.3929E+01   -1.0514E+02    3.8269E+01    9.9369E-05   -1.9252E-03    3.1745E-03   -2.7086E-03    8.8279E-04    1.1304E-03
  25   -1.0127E+02   -1.8087E+01   -8.3182E+01    3.8789E+01    1.2643E-07   -1.5060E-03    3.2175E-03   -2.4694E-03    9.6351E-04    9.1442E-04
  30   -8.4903E+01   -2.1226E+01   -6.3677E+01    3.6764E+01   -8.1852E-05   -1.1351E-03    3.0496E-03   -2.1923E-03    9.7536E-04    6.1270E-04
  35   -7.0266E+01   -2.3117E+01   -4.7149E+01    3.3014E+01   -1.4279E-04   -8.2256E-04    2.7386E-03   -1.8856E-03    9.2028E-04    2.9787E-04
  40   -5.7200E+01   -2.3634E+01   -3.3566E+01    2.8166E+01   -1.8135E-04   -5.6826E-04    2.3364E-03   -1.5588E-03    8.0922E-04    2.4671E-05
  45   -4.5313E+01   -2.2656E+01   -2.2656E+01    2.2656E+01   -1.9685E-04   -3.6736E-04    1.8794E-03   -1.2218E-03    6.5757E-04   -1.7050E-04
  50   -3.4100E+01   -2.0011E+01   -1.4089E+01    1.6791E+01   -1.8817E-04   -2.1414E-04    1.3928E-03   -8.8474E-04    4.8242E-04   -2.6744E-04
  55   -2.2997E+01   -1.5431E+01   -7.5657E+00    1.0805E+01   -1.5308E-04   -1.0367E-04    8.9627E-04   -5.5793E-04    3.0119E-04   -2.6011E-04
  60   -1.1393E+01   -8.5445E+00   -2.8482E+00    4.9332E+00   -8.8004E-05   -3.2418E-05    4.0921E-04   -2.5130E-04    1.3088E-04   -1.5647E-04
  65    1.3222E+00    1.0861E+00    2.3615E-01   -5.0644E-01    1.1490E-05    1.7756E-06   -4.2009E-05    2.5845E-05   -1.2580E-05    1.9561E-05
  70    1.5609E+01    1.3783E+01    1.8259E+00   -5.0166E+00    1.4865E-04    7.1505E-07   -4.1613E-04    2.6508E-04   -1.1572E-04    2.2369E-04
  75    3.1377E+01    2.9275E+01    2.1019E+00   -7.8443E+00    3.2002E-04   -3.1576E-05   -6.5069E-04    4.5914E-04   -1.7070E-04    3.8772E-04
  80    4.7238E+01    4.5814E+01    1.4244E+00   -8.0781E+00    5.0531E-04   -8.4157E-05   -6.7009E-04    6.0213E-04   -1.8097E-04    4.2807E-04
  85    5.9834E+01    5.9380E+01    4.5451E-01   -5.1950E+00    6.5830E-04   -1.3501E-04   -4.3093E-04    6.8969E-04   -1.6639E-04    2.8663E-04
  90    6.4763E+01    6.4763E+01    1.7190E-12    1.0551E-05    7.1918E-04   -1.5648E-04    8.7523E-10    7.1918E-04   -1.5648E-04   -5.8991E-10
  95    5.9834E+01    5.9380E+01    4.5451E-01    5.1951E+00    6.5830E-04   -1.3500E-04    4.3094E-04    6.8969E-04   -1.6639E-04   -2.8663E-04
 100    4.7238E+01    4.5813E+01    1.4244E+00    8.0782E+00    5.0531E-04   -8.4157E-05    6.7009E-04    6.0213E-04   -1.8097E-04   -4.2807E-04
 105    3.1377E+01    2.9275E+01    2.1019E+00    7.8443E+00    3.2002E-04   -3.1576E-05    6.5069E-04    4.5914E-04   -1.7070E-04   -3.8772E-04
 110    1.5609E+01    1.3783E+01    1.8259E+00    5.0166E+00    1.4865E-04    7.1511E-07    4.1613E-04    2.6508E-04   -1.1572E-04   -2.2369E-04
 115    1.3221E+00    1.0860E+00    2.3614E-01    5.0641E-01    1.1489E-05    1.7755E-06    4.2007E-05    2.5844E-05   -1.2579E-05   -1.9561E-05
 120   -1.1393E+01   -8.5445E+00   -2.8482E+00   -4.9332E+00   -8.8004E-05   -3.2418E-05   -4.0921E-04   -2.5130E-04    1.3088E-04    1.5647E-04
 125   -2.2997E+01   -1.5431E+01   -7.5657E+00   -1.0805E+01   -1.5308E-04   -1.0367E-04   -8.9628E-04   -5.5794E-04    3.0119E-04    2.6011E-04
 130   -3.4100E+01   -2.0011E+01   -1.4089E+01   -1.6791E+01   -1.8817E-04   -2.1414E-04   -1.3928E-03   -8.8474E-04    4.8242E-04    2.6744E-04
 135   -4.5313E+01   -2.2656E+01   -2.2656E+01   -2.2656E+01   -1.9685E-04   -3.6736E-04   -1.8794E-03   -1.2218E-03    6.5757E-04    1.7050E-04
 140   -5.7200E+01   -2.3634E+01   -3.3566E+01   -2.8166E+01   -1.8135E-04   -5.6826E-04   -2.3364E-03   -1.5588E-03    8.0923E-04   -2.4672E-05
 145   -7.0266E+01   -2.3117E+01   -4.7149E+01   -3.3014E+01   -1.4279E-04   -8.2257E-04   -2.7386E-03   -1.8856E-03    9.2028E-04   -2.9787E-04
 150   -8.4903E+01   -2.1226E+01   -6.3677E+01   -3.6764E+01   -8.1852E-05   -1.1351E-03   -3.0496E-03   -2.1923E-03    9.7536E-04   -6.1270E-04
 155   -1.0127E+02   -1.8087E+01   -8.3182E+01   -3.8789E+01    1.2672E-07   -1.5060E-03   -3.2175E-03   -2.4694E-03    9.6351E-04   -9.1442E-04
 160   -1.1907E+02   -1.3929E+01   -1.0514E+02   -3.8269E+01    9.9370E-05   -1.9252E-03   -3.1745E-03   -2.7087E-03    8.8279E-04   -1.1304E-03
 165   -1.3724E+02   -9.1934E+00   -1.2805E+02   -3.4310E+01    2.0730E-04   -2.3634E-03   -2.8461E-03   -2.9027E-03    7.4661E-04   -1.1794E-03
 170   -1.5368E+02   -4.6340E+00   -1.4905E+02   -2.6281E+01    3.0866E-04   -2.7656E-03   -2.1800E-03   -3.0457E-03    5.8876E-04   -9.9708E-04
 175   -1.6545E+02   -1.2568E+00   -1.6419E+02   -1.4365E+01    3.8276E-04   -3.0559E-03   -1.1916E-03   -3.1333E-03    4.6010E-04   -5.7635E-04
 180   -1.6976E+02   -1.8024E-11   -1.6976E+02    5.5315E-05    4.1018E-04   -3.1627E-03    4.5885E-09   -3.1627E-03    4.1018E-04    2.2600E-09



 Load case:   4
 ==============

                      X-Stress      Y-Stress     XY-Stress
                     ===========   ===========   ===========
                      0.0000E+00    0.0000E+00   -1.0000E+02

 Ang      Sigma       X-Stress      Y-Stress      XY-Stress     X-Strain      Y-Strain      XY-Strain     Eps-Circ       Eps-Rad     Eps-RadCirc
 ===   ===========   ===========   ===========   ===========   ===========   ===========   ===========   ===========   ===========   ===========
   0    0.0000E+00    0.0000E+00    0.0000E+00    0.0000E+00    0.0000E+00    0.0000E+00    0.0000E+00    0.0000E+00    0.0000E+00    0.0000E+00
   5    8.5257E+01    6.4762E-01    8.4609E+01   -7.4023E+00   -1.9724E-04    1.5747E-03   -6.1403E-04    1.6146E-03   -2.3709E-04   -2.9700E-04
  10    1.6046E+02    4.8386E+00    1.5562E+02   -2.7441E+01   -3.2229E-04    2.8877E-03   -2.2762E-03    3.1801E-03   -6.1475E-04   -1.0411E-03
  15    2.1981E+02    1.4724E+01    2.0509E+02   -5.4952E+01   -3.3201E-04    3.7853E-03   -4.5584E-03    4.6491E-03   -1.1958E-03   -1.8890E-03
  20    2.6274E+02    3.0734E+01    2.3200E+02   -8.4442E+01   -2.1926E-04    4.2481E-03   -7.0045E-03    5.9767E-03   -1.9479E-03   -2.4942E-03
  25    2.9210E+02    5.2171E+01    2.3993E+02   -1.1188E+02   -3.6469E-07    4.3440E-03   -9.2807E-03    7.1228E-03   -2.7791E-03   -2.6375E-03
  30    3.1186E+02    7.7964E+01    2.3389E+02   -1.3504E+02    3.0065E-04    4.1692E-03   -1.1201E-02    8.0524E-03   -3.5826E-03   -2.2505E-03
  35    3.2559E+02    1.0712E+02    2.1847E+02   -1.5298E+02    6.6163E-04    3.8115E-03   -1.2690E-02    8.7374E-03   -4.2643E-03   -1.3802E-03
  40    3.3601E+02    1.3883E+02    1.9718E+02   -1.6545E+02    1.0653E-03    3.3381E-03   -1.3724E-02    9.1569E-03   -4.7535E-03   -1.4492E-04
  45    3.4484E+02    1.7242E+02    1.7242E+02   -1.7242E+02    1.4981E-03    2.7957E-03   -1.4302E-02    9.2981E-03   -5.0043E-03    1.2976E-03
  50    3.5293E+02    2.0711E+02    1.4582E+02   -1.7378E+02    1.9476E-03    2.2163E-03   -1.4416E-02    9.1569E-03   -4.9930E-03    2.7679E-03
  55    3.6013E+02    2.4165E+02    1.1848E+02   -1.6921E+02    2.3972E-03    1.6235E-03   -1.4036E-02    8.7374E-03   -4.7167E-03    4.0734E-03
  60    3.6505E+02    2.7379E+02    9.1264E+01   -1.5807E+02    2.8199E-03    1.0388E-03   -1.3112E-02    8.0524E-03   -4.1938E-03    5.0137E-03
  65    3.6439E+02    2.9931E+02    6.5082E+01   -1.3957E+02    3.1665E-03    4.8934E-04   -1.1577E-02    7.1228E-03   -3.4669E-03    5.3910E-03
  70    3.5193E+02    3.1076E+02    4.1168E+01   -1.1311E+02    3.3515E-03    1.6122E-05   -9.3823E-03    5.9767E-03   -2.6091E-03    5.0434E-03
  75    3.1771E+02    2.9643E+02    2.1283E+01   -7.9428E+01    3.2404E-03   -3.1972E-04   -6.5886E-03    4.6491E-03   -1.7284E-03    3.9259E-03
  80    2.4949E+02    2.4196E+02    7.5229E+00   -4.2665E+01    2.6688E-03   -4.4447E-04   -3.5391E-03    3.1801E-03   -9.5582E-04    2.2608E-03
  85    1.4007E+02    1.3901E+02    1.0640E+00   -1.2162E+01    1.5411E-03   -3.1605E-04   -1.0088E-03    1.6146E-03   -3.8953E-04    6.7101E-04
  90   -2.7283E-04   -2.7283E-04   -7.2417E-18   -4.4449E-11   -3.0297E-09    6.5920E-10   -3.6871E-15   -3.0297E-09    6.5920E-10    2.4851E-15
  95   -1.4007E+02   -1.3901E+02   -1.0640E+00   -1.2162E+01   -1.5411E-03    3.1605E-04   -1.0088E-03   -1.6146E-03    3.8954E-04    6.7102E-04
 100   -2.4949E+02   -2.4196E+02   -7.5230E+00   -4.2665E+01   -2.6688E-03    4.4447E-04   -3.5391E-03   -3.1801E-03    9.5582E-04    2.2609E-03
 105   -3.1771E+02   -2.9643E+02   -2.1283E+01   -7.9428E+01   -3.2404E-03    3.1972E-04   -6.5886E-03   -4.6491E-03    1.7284E-03    3.9259E-03
 110   -3.5193E+02   -3.1076E+02   -4.1168E+01   -1.1311E+02   -3.3515E-03   -1.6123E-05   -9.3823E-03   -5.9767E-03    2.6091E-03    5.0434E-03
 115   -3.6439E+02   -2.9931E+02   -6.5083E+01   -1.3957E+02   -3.1665E-03   -4.8934E-04   -1.1577E-02   -7.1228E-03    3.4669E-03    5.3910E-03
 120   -3.6505E+02   -2.7379E+02   -9.1264E+01   -1.5807E+02   -2.8199E-03   -1.0388E-03   -1.3112E-02   -8.0524E-03    4.1938E-03    5.0136E-03
 125   -3.6013E+02   -2.4165E+02   -1.1848E+02   -1.6921E+02   -2.3972E-03   -1.6235E-03   -1.4036E-02   -8.7374E-03    4.7167E-03    4.0734E-03
 130   -3.5293E+02   -2.0711E+02   -1.4582E+02   -1.7378E+02   -1.9476E-03   -2.2163E-03   -1.4416E-02   -9.1569E-03    4.9930E-03    2.7679E-03
 135   -3.4484E+02   -1.7242E+02   -1.7242E+02   -1.7242E+02   -1.4981E-03   -2.7957E-03   -1.4302E-02   -9.2981E-03    5.0043E-03    1.2976E-03
 140   -3.3600E+02   -1.3883E+02   -1.9718E+02   -1.6545E+02   -1.0653E-03   -3.3381E-03   -1.3724E-02   -9.1569E-03    4.7535E-03   -1.4493E-04
 145   -3.2559E+02   -1.0712E+02   -2.1847E+02   -1.5298E+02   -6.6163E-04   -3.8115E-03   -1.2690E-02   -8.7374E-03    4.2643E-03   -1.3802E-03
 150   -3.1186E+02   -7.7964E+01   -2.3389E+02   -1.3504E+02   -3.0065E-04   -4.1692E-03   -1.1201E-02   -8.0524E-03    3.5826E-03   -2.2505E-03
 155   -2.9210E+02   -5.2171E+01   -2.3993E+02   -1.1188E+02    3.6554E-07   -4.3440E-03   -9.2807E-03   -7.1228E-03    2.7791E-03   -2.6375E-03
 160   -2.6274E+02   -3.0734E+01   -2.3200E+02   -8.4442E+01    2.1926E-04   -4.2481E-03   -7.0045E-03   -5.9767E-03    1.9479E-03   -2.4942E-03
 165   -2.1981E+02   -1.4724E+01   -2.0509E+02   -5.4952E+01    3.3201E-04   -3.7853E-03   -4.5583E-03   -4.6491E-03    1.1958E-03   -1.8890E-03
 170   -1.6046E+02   -4.8385E+00   -1.5562E+02   -2.7441E+01    3.2229E-04   -2.8877E-03   -2.2762E-03   -3.1801E-03    6.1475E-04   -1.0411E-03
 175   -8.5257E+01   -6.4762E-01   -8.4609E+01   -7.4023E+00    1.9724E-04   -1.5747E-03   -6.1403E-04   -1.6146E-03    2.3709E-04   -2.9700E-04
 180    3.2524E-04    3.4532E-17    3.2524E-04   -1.0598E-10   -7.8584E-10    6.0594E-09   -8.7909E-15    6.0594E-09   -7.8584E-10   -4.3300E-15

