1 Example 1: Program EH                                                 
  Stresses/Strains Around a Hole in an infinite orthotropic plate       
  Input 1:  4 Materials, 32 Layers                                      
  4 Load Cases                                                          
2 MATERIAL DATA
  1 Ply Properties
    4   1.  157500.0    8500.0    2600.0  0.300  0.125   0.0  0.013333 -0.006667
        2.  157500.0    8500.0    2600.0  0.300  0.125  90.0  0.013333 -0.006667
        3.  157500.0    8500.0    2600.0  0.300  0.125  45.0  0.013333 -0.006667
        4.  157500.0    8500.0    2600.0  0.300  0.125 -45.0  0.013333 -0.006667
3 LAMINATE
   32  1.  1.  1.  1.  2.  2.  3.  4.  1.  1.  1.  1.  2.  2.  3.  4.
       4.  3.  2.  2.  1.  1.  1.  1.  4.  3.  2.  2.  1.  1.  1.  1.
4 LOADS
    4     100.0     -50.0    -100.0
          100.0       0.0       0.0
            0.0     -50.0       0.0
            0.0       0.0    -100.0

