4
1,122000,10000,4700,.3,.125,0,12500E-6,9500E-6,109000,9000,4500
2,122000,10000,4700,.3,.125,45,12500E-6,9500E-6,109000,9000,4500
3,122000,10000,4700,.3,.125,-45,12500E-6,9500E-6,109000,9000,4500
4,122000,10000,4700,.3,.125,90,12500E-6,9500E-6,109000,9000,4500
1
.75
36350.8, 15783.8, 0.0, 36350.8, 0.0, 17042.1
32650.9, 13970.5, 0.0, 32650.9, 0.0, 15305.4, 12500E-6, 9500E-6
S
193.0,48.2,24.1,10.0,4.8
753,368
1,0.,0.
panel_4
2
-1.,-1.,0.,0.,0.
1,-6.881E-3,-3.440E-3,-3.440E-3,-6.881E-3,
0.,0.,0.,0.,1.
2, 2, 100,188,184, 100,565,184
1, 376.5, 184
N
