$ LIST OF USEFUL NODES FOR THE CUT: Xmin =  12540.0
GRID    450000          13835.  500.    2790.000
GRID    450001          13835.  -500.   2790.000
GRID     400405         12770.    690.    3000.
GRID     400406         12770.   -340.    3000.
GRID     400407         12770.   -690.    3000.
GRID     400408         12770.    340.    3000.
GRID     400409         12960.   -340.    3000.
GRID     400410         12960.    690.    3000.
GRID     400411         12960.   -690.    3000.
GRID     400412         12960.    340.    3000.
GRID     400413         13172.   -690.    3000.
GRID     400414         13172.    340.    3000.
GRID     400415         13172.    690.    3000.
GRID     400416         13172.   -340.    3000.
GRID    81              12684.  0.000   3655.
GRID    82              13183.  0.000   4423.
GRID    83              14163.  0.000   5128.
GRID    84              14460.  0.000   4190.
GRID    85              15029.  0.000   5967.
GRID    86              15113.  0.000   5307.
GRID      425390        12540.00   0.0003435.000
GRID      434392        13415.20  86.5003390.000
GRID      434892        13415.20 -86.5003390.000
GRID      443352        14356.90 100.0003290.300
