$ LIST OF USEFUL FORCES FOR THE CUT: Xmin =  12540.0
FORCE       4009  400406          1000.0   0.000   0.000  -5.473
FORCE       4009  400407          1000.0   0.000   0.000  -5.473
FORCE       4009  400405          1000.0   0.000   0.000  -5.473
FORCE       4009  400408          1000.0   0.000   0.000  -5.473
FORCE       4009  400410          1000.0   0.000   0.000  -5.473
FORCE       4009  400409          1000.0   0.000   0.000  -5.473
FORCE       4009  400411          1000.0   0.000   0.000  -5.473
FORCE       4009  400412          1000.0   0.000   0.000  -5.473
FORCE       4009  400414          1000.0   0.000   0.000  -5.473
FORCE       4009  400415          1000.0   0.000   0.000  -5.473
FORCE       4009  400413          1000.0   0.000   0.000  -5.473
FORCE       4009  400416          1000.0   0.000   0.000  -5.473
FORCE       4009  450001          1000.0   0.000 -10.602   0.000
FORCE       4009  450001          1000.0   0.000   0.000  -9.546
FORCE       4009  450000          1000.0   0.000  10.602   0.000
FORCE       4009  450000          1000.0   0.000   0.000  -9.546
FORCE       4013  400405          1000.0   0.000   0.000  -1.939
FORCE       4013  400408          1000.0   0.000   0.000  -1.939
FORCE       4013  400407          1000.0   0.000   0.000  -1.939
FORCE       4013  400406          1000.0   0.000   0.000  -1.939
FORCE       4013  400411          1000.0   0.000   0.000  -1.939
FORCE       4013  400409          1000.0   0.000   0.000  -1.939
FORCE       4013  400410          1000.0   0.000   0.000  -1.939
FORCE       4013  400412          1000.0   0.000   0.000  -1.939
FORCE       4013  400414          1000.0   0.000   0.000  -1.939
FORCE       4013  400416          1000.0   0.000   0.000  -1.939
FORCE       4013  400415          1000.0   0.000   0.000  -1.939
FORCE       4013  400413          1000.0   0.000   0.000  -1.939
FORCE       4013  450000          1000.0   0.000   4.194   0.000
FORCE       4013  450000          1000.0   0.000   0.000  -3.776
FORCE       4013  450001          1000.0   0.000  -4.194   0.000
FORCE       4013  450001          1000.0   0.000   0.000  -3.776
FORCE       4014  400405          1000.0   0.000   0.000  -4.808
FORCE       4014  400408          1000.0   0.000   0.000  -4.808
FORCE       4014  400407          1000.0   0.000   0.000  -4.808
FORCE       4014  400406          1000.0   0.000   0.000  -4.808
FORCE       4014  400411          1000.0   0.000   0.000  -4.808
FORCE       4014  400409          1000.0   0.000   0.000  -4.808
FORCE       4014  400410          1000.0   0.000   0.000  -4.808
FORCE       4014  400412          1000.0   0.000   0.000  -4.808
FORCE       4014  400414          1000.0   0.000   0.000  -4.808
FORCE       4014  400416          1000.0   0.000   0.000  -4.808
FORCE       4014  400415          1000.0   0.000   0.000  -4.808
FORCE       4014  400413          1000.0   0.000   0.000  -4.808
FORCE       4014  450000          1000.0   0.000  15.262   0.000
FORCE       4014  450000          1000.0   0.000   0.000 -13.742
FORCE       4014  450001          1000.0   0.000 -15.262   0.000
FORCE       4014  450001          1000.0   0.000   0.000 -13.742
FORCE       4030  400406          1000.0   0.000   0.000  -3.494
FORCE       4030  400405          1000.0   0.000   0.000  -3.494
FORCE       4030  400408          1000.0   0.000   0.000  -3.494
FORCE       4030  400407          1000.0   0.000   0.000  -3.494
FORCE       4030  400409          1000.0   0.000   0.000  -3.494
FORCE       4030  400410          1000.0   0.000   0.000  -3.494
FORCE       4030  400412          1000.0   0.000   0.000  -3.494
FORCE       4030  400411          1000.0   0.000   0.000  -3.494
FORCE       4030  400416          1000.0   0.000   0.000  -3.494
FORCE       4030  400414          1000.0   0.000   0.000  -3.494
FORCE       4030  400415          1000.0   0.000   0.000  -3.494
FORCE       4030  400413          1000.0   0.000   0.000  -3.494
FORCE       4030  450000          1000.0   0.000   8.997   0.000
FORCE       4030  450000          1000.0   0.000   0.000  -8.101
FORCE       4030  450001          1000.0   0.000  -8.997   0.000
FORCE       4030  450001          1000.0   0.000   0.000  -8.101
FORCE       4031  400406          1000.0   0.000   0.000  -1.218
FORCE       4031  400405          1000.0   0.000   0.000  -1.218
FORCE       4031  400408          1000.0   0.000   0.000  -1.218
FORCE       4031  400407          1000.0   0.000   0.000  -1.218
FORCE       4031  400409          1000.0   0.000   0.000  -1.218
FORCE       4031  400410          1000.0   0.000   0.000  -1.218
FORCE       4031  400412          1000.0   0.000   0.000  -1.218
FORCE       4031  400411          1000.0   0.000   0.000  -1.218
FORCE       4031  400416          1000.0   0.000   0.000  -1.218
FORCE       4031  400414          1000.0   0.000   0.000  -1.218
FORCE       4031  400415          1000.0   0.000   0.000  -1.218
FORCE       4031  400413          1000.0   0.000   0.000  -1.218
FORCE       4031  450000          1000.0   0.000   5.893   0.000
FORCE       4031  450000          1000.0   0.000   0.000  -5.306
FORCE       4031  450001          1000.0   0.000  -5.893   0.000
FORCE       4031  450001          1000.0   0.000   0.000  -5.306
FORCE       4032  400406          1000.0   0.000   0.000  -2.510
FORCE       4032  400405          1000.0   0.000   0.000  -2.510
FORCE       4032  400408          1000.0   0.000   0.000  -2.510
FORCE       4032  400407          1000.0   0.000   0.000  -2.510
FORCE       4032  400409          1000.0   0.000   0.000  -2.510
FORCE       4032  400410          1000.0   0.000   0.000  -2.510
FORCE       4032  400412          1000.0   0.000   0.000  -2.510
FORCE       4032  400411          1000.0   0.000   0.000  -2.510
FORCE       4032  400416          1000.0   0.000   0.000  -2.510
FORCE       4032  400414          1000.0   0.000   0.000  -2.510
FORCE       4032  400415          1000.0   0.000   0.000  -2.510
FORCE       4032  400413          1000.0   0.000   0.000  -2.510
FORCE       4032  450000          1000.0   0.000   6.225   0.000
FORCE       4032  450000          1000.0   0.000   0.000  -5.605
FORCE       4032  450001          1000.0   0.000  -6.225   0.000
FORCE       4032  450001          1000.0   0.000   0.000  -5.605
FORCE       4044  400405          1000.0   0.000   0.000  -2.065
FORCE       4044  400408          1000.0   0.000   0.000  -2.065
FORCE       4044  400407          1000.0   0.000   0.000  -2.065
FORCE       4044  400406          1000.0   0.000   0.000  -2.065
FORCE       4044  400411          1000.0   0.000   0.000  -2.065
FORCE       4044  400409          1000.0   0.000   0.000  -2.065
FORCE       4044  400410          1000.0   0.000   0.000  -2.065
FORCE       4044  400412          1000.0   0.000   0.000  -2.065
FORCE       4044  400414          1000.0   0.000   0.000  -2.065
FORCE       4044  400416          1000.0   0.000   0.000  -2.065
FORCE       4044  400415          1000.0   0.000   0.000  -2.065
FORCE       4044  400413          1000.0   0.000   0.000  -2.065
FORCE       4044  450000          1000.0   0.000   4.199   0.000
FORCE       4044  450000          1000.0   0.000   0.000  -3.781
FORCE       4044  450001          1000.0   0.000  -4.199   0.000
FORCE       4044  450001          1000.0   0.000   0.000  -3.781
FORCE       4002  400406          1000.0   0.000   0.000  -5.749
FORCE       4002  400408          1000.0   0.000   0.000  -5.749
FORCE       4002  400407          1000.0   0.000   0.000  -5.749
FORCE       4002  400405          1000.0   0.000   0.000  -5.749
FORCE       4002  400409          1000.0   0.000   0.000  -5.749
FORCE       4002  400412          1000.0   0.000   0.000  -5.749
FORCE       4002  400410          1000.0   0.000   0.000  -5.749
FORCE       4002  400411          1000.0   0.000   0.000  -5.749
FORCE       4002  400416          1000.0   0.000   0.000  -5.749
FORCE       4002  400415          1000.0   0.000   0.000  -5.749
FORCE       4002  400413          1000.0   0.000   0.000  -5.749
FORCE       4002  400414          1000.0   0.000   0.000  -5.749
FORCE       4002  450001          1000.0   0.000 -10.259   0.000
FORCE       4002  450000          1000.0   0.000  10.259   0.000
FORCE       4002  450001          1000.0   0.000   0.000  -9.238
FORCE       4002  450000          1000.0   0.000   0.000  -9.238
FORCE       4003  400406          1000.0   0.000   0.000   0.713
FORCE       4003  400408          1000.0   0.000   0.000   0.713
FORCE       4003  400407          1000.0   0.000   0.000   0.713
FORCE       4003  400405          1000.0   0.000   0.000   0.713
FORCE       4003  400409          1000.0   0.000   0.000   0.713
FORCE       4003  400412          1000.0   0.000   0.000   0.713
FORCE       4003  400410          1000.0   0.000   0.000   0.713
FORCE       4003  400411          1000.0   0.000   0.000   0.713
FORCE       4003  400416          1000.0   0.000   0.000   0.713
FORCE       4003  400415          1000.0   0.000   0.000   0.713
FORCE       4003  400413          1000.0   0.000   0.000   0.713
FORCE       4003  400414          1000.0   0.000   0.000   0.713
FORCE       4003  450001          1000.0   0.000   1.530   0.000
FORCE       4003  450000          1000.0   0.000  -1.530   0.000
FORCE       4003  450001          1000.0   0.000   0.000   1.377
FORCE       4003  450000          1000.0   0.000   0.000   1.377
FORCE       4007  400407          1000.0   0.000   0.000  -3.374
FORCE       4007  400406          1000.0   0.000   0.000  -3.374
FORCE       4007  400405          1000.0   0.000   0.000  -3.374
FORCE       4007  400408          1000.0   0.000   0.000  -3.374
FORCE       4007  400410          1000.0   0.000   0.000  -3.374
FORCE       4007  400412          1000.0   0.000   0.000  -3.374
FORCE       4007  400411          1000.0   0.000   0.000  -3.374
FORCE       4007  400409          1000.0   0.000   0.000  -3.374
FORCE       4007  400416          1000.0   0.000   0.000  -3.374
FORCE       4007  400414          1000.0   0.000   0.000  -3.374
FORCE       4007  400413          1000.0   0.000   0.000  -3.374
FORCE       4007  400415          1000.0   0.000   0.000  -3.374
FORCE       4007  450001          1000.0   0.000   7.787   0.000
FORCE       4007  450000          1000.0   0.000  -7.787   0.000
FORCE       4007  450001          1000.0   0.000   0.000   7.011
FORCE       4007  450000          1000.0   0.000   0.000   7.011
FORCE       4015  400405          1000.0   0.000   0.000   2.534
FORCE       4015  400408          1000.0   0.000   0.000   2.534
FORCE       4015  400407          1000.0   0.000   0.000   2.534
FORCE       4015  400406          1000.0   0.000   0.000   2.534
FORCE       4015  400411          1000.0   0.000   0.000   2.534
FORCE       4015  400409          1000.0   0.000   0.000   2.534
FORCE       4015  400412          1000.0   0.000   0.000   2.534
FORCE       4015  400410          1000.0   0.000   0.000   2.534
FORCE       4015  400415          1000.0   0.000   0.000   2.534
FORCE       4015  400413          1000.0   0.000   0.000   2.534
FORCE       4015  400416          1000.0   0.000   0.000   2.534
FORCE       4015  400414          1000.0   0.000   0.000   2.534
FORCE       4015  450000          1000.0   0.000  -9.995   0.000
FORCE       4015  450001          1000.0   0.000   9.995   0.000
FORCE       4015  450000          1000.0   0.000   0.000   9.000
FORCE       4015  450001          1000.0   0.000   0.000   9.000
FORCE       4019  400405          1000.0   0.000   0.000   3.819
FORCE       4019  400408          1000.0   0.000   0.000   3.819
FORCE       4019  400407          1000.0   0.000   0.000   3.819
FORCE       4019  400406          1000.0   0.000   0.000   3.819
FORCE       4019  400411          1000.0   0.000   0.000   3.819
FORCE       4019  400409          1000.0   0.000   0.000   3.819
FORCE       4019  400412          1000.0   0.000   0.000   3.819
FORCE       4019  400410          1000.0   0.000   0.000   3.819
FORCE       4019  400415          1000.0   0.000   0.000   3.819
FORCE       4019  400413          1000.0   0.000   0.000   3.819
FORCE       4019  400416          1000.0   0.000   0.000   3.819
FORCE       4019  400414          1000.0   0.000   0.000   3.819
FORCE       4019  450000          1000.0   0.000 -12.497   0.000
FORCE       4019  450001          1000.0   0.000   0.000  11.252
FORCE       4019  450001          1000.0   0.000  12.497   0.000
FORCE       4019  450000          1000.0   0.000   0.000  11.252
FORCE       4020  400405          1000.0   0.000   0.000  -6.257
FORCE       4020  400408          1000.0   0.000   0.000  -6.257
FORCE       4020  400407          1000.0   0.000   0.000  -6.257
FORCE       4020  400406          1000.0   0.000   0.000  -6.257
FORCE       4020  400411          1000.0   0.000   0.000  -6.257
FORCE       4020  400409          1000.0   0.000   0.000  -6.257
FORCE       4020  400412          1000.0   0.000   0.000  -6.257
FORCE       4020  400410          1000.0   0.000   0.000  -6.257
FORCE       4020  400415          1000.0   0.000   0.000  -6.257
FORCE       4020  400413          1000.0   0.000   0.000  -6.257
FORCE       4020  400416          1000.0   0.000   0.000  -6.257
FORCE       4020  400414          1000.0   0.000   0.000  -6.257
FORCE       4020  450000          1000.0   0.000  20.511   0.000
FORCE       4020  450001          1000.0   0.000   0.000 -18.469
FORCE       4020  450001          1000.0   0.000 -20.511   0.000
FORCE       4020  450000          1000.0   0.000   0.000 -18.469
FORCE       4022  400405          1000.0   0.000   0.000   2.352
FORCE       4022  400408          1000.0   0.000   0.000   2.352
FORCE       4022  400407          1000.0   0.000   0.000   2.352
FORCE       4022  400406          1000.0   0.000   0.000   2.352
FORCE       4022  400411          1000.0   0.000   0.000   2.352
FORCE       4022  400409          1000.0   0.000   0.000   2.352
FORCE       4022  400410          1000.0   0.000   0.000   2.352
FORCE       4022  400412          1000.0   0.000   0.000   2.352
FORCE       4022  400414          1000.0   0.000   0.000   2.352
FORCE       4022  400416          1000.0   0.000   0.000   2.352
FORCE       4022  400415          1000.0   0.000   0.000   2.352
FORCE       4022  400413          1000.0   0.000   0.000   2.352
FORCE       4022  450000          1000.0   0.000 -11.683   0.000
FORCE       4022  450001          1000.0   0.000  11.683   0.000
FORCE       4022  450000          1000.0   0.000   0.000  10.519
FORCE       4022  450001          1000.0   0.000   0.000  10.519
FORCE       4024  400406          1000.0   0.000   0.000  -0.051
FORCE       4024  400405          1000.0   0.000   0.000  -0.051
FORCE       4024  400408          1000.0   0.000   0.000  -0.051
FORCE       4024  400407          1000.0   0.000   0.000  -0.051
FORCE       4024  400411          1000.0   0.000   0.000  -0.051
FORCE       4024  400409          1000.0   0.000   0.000  -0.051
FORCE       4024  400412          1000.0   0.000   0.000  -0.051
FORCE       4024  400410          1000.0   0.000   0.000  -0.051
FORCE       4024  400414          1000.0   0.000   0.000  -0.051
FORCE       4024  400416          1000.0   0.000   0.000  -0.051
FORCE       4024  400415          1000.0   0.000   0.000  -0.051
FORCE       4024  400413          1000.0   0.000   0.000  -0.051
FORCE       4024  450001          1000.0   0.000   0.000  -0.150
FORCE       4024  450001          1000.0   0.000  -0.167   0.000
FORCE       4024  450000          1000.0   0.000   0.000  -0.150
FORCE       4024  450000          1000.0   0.000   0.167   0.000
FORCE       4025  400408          1000.0   0.000   0.000  -2.227
FORCE       4025  400405          1000.0   0.000   0.000  -2.227
FORCE       4025  400407          1000.0   0.000   0.000  -2.227
FORCE       4025  400406          1000.0   0.000   0.000  -2.227
FORCE       4025  400410          1000.0   0.000   0.000  -2.227
FORCE       4025  400409          1000.0   0.000   0.000  -2.227
FORCE       4025  400412          1000.0   0.000   0.000  -2.227
FORCE       4025  400411          1000.0   0.000   0.000  -2.227
FORCE       4025  400415          1000.0   0.000   0.000  -2.227
FORCE       4025  400416          1000.0   0.000   0.000  -2.227
FORCE       4025  400414          1000.0   0.000   0.000  -2.227
FORCE       4025  400413          1000.0   0.000   0.000  -2.227
FORCE       4025  450000          1000.0   0.000   0.000 -11.892
FORCE       4025  450000          1000.0   0.000  13.207   0.000
FORCE       4025  450001          1000.0   0.000   0.000 -11.892
FORCE       4025  450001          1000.0   0.000 -13.207   0.000
FORCE       4028  400408          1000.0   0.000   0.000  -0.568
FORCE       4028  400405          1000.0   0.000   0.000  -0.568
FORCE       4028  400406          1000.0   0.000   0.000  -0.568
FORCE       4028  400407          1000.0   0.000   0.000  -0.568
FORCE       4028  400410          1000.0   0.000   0.000  -0.568
FORCE       4028  400412          1000.0   0.000   0.000  -0.568
FORCE       4028  400409          1000.0   0.000   0.000  -0.568
FORCE       4028  400411          1000.0   0.000   0.000  -0.568
FORCE       4028  400415          1000.0   0.000   0.000  -0.568
FORCE       4028  400414          1000.0   0.000   0.000  -0.568
FORCE       4028  400416          1000.0   0.000   0.000  -0.568
FORCE       4028  400413          1000.0   0.000   0.000  -0.568
FORCE       4028  450001          1000.0   0.000   0.006   0.000
FORCE       4028  450001          1000.0   0.000   0.000   0.005
FORCE       4028  450000          1000.0   0.000   0.000   0.005
FORCE       4028  450000          1000.0   0.000  -0.006   0.000
FORCE       4029  400408          1000.0   0.000   0.000   0.005
FORCE       4029  400405          1000.0   0.000   0.000   0.005
FORCE       4029  400406          1000.0   0.000   0.000   0.005
FORCE       4029  400407          1000.0   0.000   0.000   0.005
FORCE       4029  400410          1000.0   0.000   0.000   0.005
FORCE       4029  400411          1000.0   0.000   0.000   0.005
FORCE       4029  400412          1000.0   0.000   0.000   0.005
FORCE       4029  400409          1000.0   0.000   0.000   0.005
FORCE       4029  400414          1000.0   0.000   0.000   0.005
FORCE       4029  400413          1000.0   0.000   0.000   0.005
FORCE       4029  400416          1000.0   0.000   0.000   0.005
FORCE       4029  400415          1000.0   0.000   0.000   0.005
FORCE       4029  450000          1000.0   0.000   0.000  -0.922
FORCE       4029  450001          1000.0   0.000  -1.023   0.000
FORCE       4029  450001          1000.0   0.000   0.000  -0.922
FORCE       4029  450000          1000.0   0.000   1.023   0.000
FORCE       4033  400406          1000.0   0.000   0.000  -0.543
FORCE       4033  400405          1000.0   0.000   0.000  -0.543
FORCE       4033  400408          1000.0   0.000   0.000  -0.543
FORCE       4033  400407          1000.0   0.000   0.000  -0.543
FORCE       4033  400412          1000.0   0.000   0.000  -0.543
FORCE       4033  400410          1000.0   0.000   0.000  -0.543
FORCE       4033  400409          1000.0   0.000   0.000  -0.543
FORCE       4033  400411          1000.0   0.000   0.000  -0.543
FORCE       4033  400415          1000.0   0.000   0.000  -0.543
FORCE       4033  400414          1000.0   0.000   0.000  -0.543
FORCE       4033  400413          1000.0   0.000   0.000  -0.543
FORCE       4033  400416          1000.0   0.000   0.000  -0.543
FORCE       4033  450000          1000.0   0.000   1.360   0.000
FORCE       4033  450001          1000.0   0.000   0.000  -1.225
FORCE       4033  450000          1000.0   0.000   0.000  -1.225
FORCE       4033  450001          1000.0   0.000  -1.360   0.000
FORCE       4041  400407          1000.0   0.000   0.000  -1.481
FORCE       4041  400406          1000.0   0.000   0.000  -1.481
FORCE       4041  400405          1000.0   0.000   0.000  -1.481
FORCE       4041  400408          1000.0   0.000   0.000  -1.481
FORCE       4041  400410          1000.0   0.000   0.000  -1.481
FORCE       4041  400412          1000.0   0.000   0.000  -1.481
FORCE       4041  400409          1000.0   0.000   0.000  -1.481
FORCE       4041  400411          1000.0   0.000   0.000  -1.481
FORCE       4041  400413          1000.0   0.000   0.000  -1.481
FORCE       4041  400415          1000.0   0.000   0.000  -1.481
FORCE       4041  400414          1000.0   0.000   0.000  -1.481
FORCE       4041  400416          1000.0   0.000   0.000  -1.481
FORCE       4041  450001          1000.0   0.000 -10.051   0.000
FORCE       4041  450000          1000.0   0.000   0.000  -9.050
FORCE       4041  450000          1000.0   0.000  10.051   0.000
FORCE       4041  450001          1000.0   0.000   0.000  -9.050
FORCE       4042  400407          1000.0   0.000   0.000  -3.003
FORCE       4042  400406          1000.0   0.000   0.000  -3.003
FORCE       4042  400405          1000.0   0.000   0.000  -3.003
FORCE       4042  400408          1000.0   0.000   0.000  -3.003
FORCE       4042  400410          1000.0   0.000   0.000  -3.003
FORCE       4042  400412          1000.0   0.000   0.000  -3.003
FORCE       4042  400409          1000.0   0.000   0.000  -3.003
FORCE       4042  400411          1000.0   0.000   0.000  -3.003
FORCE       4042  400413          1000.0   0.000   0.000  -3.003
FORCE       4042  400415          1000.0   0.000   0.000  -3.003
FORCE       4042  400414          1000.0   0.000   0.000  -3.003
FORCE       4042  400416          1000.0   0.000   0.000  -3.003
FORCE       4042  450001          1000.0   0.000 -13.882   0.000
FORCE       4042  450000          1000.0   0.000   0.000 -12.499
FORCE       4042  450000          1000.0   0.000  13.882   0.000
FORCE       4042  450001          1000.0   0.000   0.000 -12.499
FORCE       4043  400407          1000.0   0.000   0.000   1.136
FORCE       4043  400406          1000.0   0.000   0.000   1.136
FORCE       4043  400405          1000.0   0.000   0.000   1.136
FORCE       4043  400408          1000.0   0.000   0.000   1.136
FORCE       4043  400410          1000.0   0.000   0.000   1.136
FORCE       4043  400412          1000.0   0.000   0.000   1.136
FORCE       4043  400409          1000.0   0.000   0.000   1.136
FORCE       4043  400411          1000.0   0.000   0.000   1.136
FORCE       4043  400413          1000.0   0.000   0.000   1.136
FORCE       4043  400415          1000.0   0.000   0.000   1.136
FORCE       4043  400414          1000.0   0.000   0.000   1.136
FORCE       4043  400416          1000.0   0.000   0.000   1.136
FORCE       4043  450001          1000.0   0.000   8.588   0.000
FORCE       4043  450000          1000.0   0.000   0.000   7.733
FORCE       4043  450000          1000.0   0.000  -8.588   0.000
FORCE       4043  450001          1000.0   0.000   0.000   7.733
