FORCE       4009  400704          1000.0   0.000   0.000  -4.784
FORCE       4009  400703          1000.0   0.000   0.000  -4.784
FORCE       4009  400717          1000.0   0.000   0.000  -4.784
FORCE       4009  400702          1000.0   0.000   0.000  -4.784
FORCE       4009  400705          1000.0   0.000   0.000  -4.784
FORCE       4009  400707          1000.0   0.000   0.000  -4.784
FORCE       4009  400708          1000.0   0.000   0.000  -4.784
FORCE       4009  400706          1000.0   0.000   0.000  -4.784
FORCE       4009  400709          1000.0   0.000   0.000  -4.784
FORCE       4009  400712          1000.0   0.000   0.000  -4.784
FORCE       4009  400710          1000.0   0.000   0.000  -4.784
FORCE       4009  400711          1000.0   0.000   0.000  -4.784
FORCE       4009  400716          1000.0   0.000   0.000  -4.784
FORCE       4009  400713          1000.0   0.000   0.000  -4.784
FORCE       4009  400715          1000.0   0.000   0.000  -4.784
FORCE       4009  400714          1000.0   0.000   0.000  -4.784
FORCE       4009  415001          1000.0 -56.978   0.000   0.000
FORCE       4009  415001          1000.0   0.000  -3.273   0.000
FORCE       4009  415001          1000.0   0.000   0.000-147.656
FORCE       4009  415000          1000.0 -56.978   0.000   0.000
FORCE       4009  415000          1000.0   0.000  -1.793   0.000
FORCE       4009  415000          1000.0   0.000   0.000-141.362
FORCE       4009  425035          1000.0  11.954   0.000   0.000
FORCE       4009  425035          1000.0   0.000   0.000   0.221
FORCE       4009  425130          1000.0   0.000  -5.014   0.000
FORCE       4009  425120          1000.0   0.000  -6.128   0.000
FORCE       4009  400401          1000.0   0.000   0.000  -5.473
FORCE       4009  400402          1000.0   0.000   0.000  -5.473
FORCE       4009  400403          1000.0   0.000   0.000  -5.473
FORCE       4009  400404          1000.0   0.000   0.000  -5.473
FORCE       4009  400406          1000.0   0.000   0.000  -5.473
FORCE       4009  400407          1000.0   0.000   0.000  -5.473
FORCE       4009  400405          1000.0   0.000   0.000  -5.473
FORCE       4009  400408          1000.0   0.000   0.000  -5.473
FORCE       4009  400410          1000.0   0.000   0.000  -5.473
FORCE       4009  400409          1000.0   0.000   0.000  -5.473
FORCE       4009  400411          1000.0   0.000   0.000  -5.473
FORCE       4009  400412          1000.0   0.000   0.000  -5.473
FORCE       4009  400414          1000.0   0.000   0.000  -5.473
FORCE       4009  400415          1000.0   0.000   0.000  -5.473
FORCE       4009  400413          1000.0   0.000   0.000  -5.473
FORCE       4009  400416          1000.0   0.000   0.000  -5.473
FORCE       4009  450001          1000.0   0.000 -10.602   0.000
FORCE       4009  450001          1000.0   0.000   0.000  -9.546
FORCE       4009  450000          1000.0   0.000  10.602   0.000
FORCE       4009  450000          1000.0   0.000   0.000  -9.546
FORCE       4013  400717          1000.0   0.000   0.000  -3.583
FORCE       4013  400704          1000.0   0.000   0.000  -3.583
FORCE       4013  400703          1000.0   0.000   0.000  -3.583
FORCE       4013  400702          1000.0   0.000   0.000  -3.583
FORCE       4013  400705          1000.0   0.000   0.000  -3.583
FORCE       4013  400707          1000.0   0.000   0.000  -3.583
FORCE       4013  400708          1000.0   0.000   0.000  -3.583
FORCE       4013  400706          1000.0   0.000   0.000  -3.583
FORCE       4013  400710          1000.0   0.000   0.000  -3.583
FORCE       4013  400712          1000.0   0.000   0.000  -3.583
FORCE       4013  400711          1000.0   0.000   0.000  -3.583
FORCE       4013  400709          1000.0   0.000   0.000  -3.583
FORCE       4013  400714          1000.0   0.000   0.000  -3.583
FORCE       4013  400713          1000.0   0.000   0.000  -3.583
FORCE       4013  400715          1000.0   0.000   0.000  -3.583
FORCE       4013  400716          1000.0   0.000   0.000  -3.583
FORCE       4013  415000          1000.0 -59.441   0.000   0.000
FORCE       4013  415000          1000.0   0.000  32.546   0.000
FORCE       4013  415000          1000.0   0.000   0.000 -29.139
FORCE       4013  415001          1000.0 -59.441   0.000   0.000
FORCE       4013  415001          1000.0   0.000  18.946   0.000
FORCE       4013  415001          1000.0   0.000   0.000 -66.544
FORCE       4013  425035          1000.0  11.444   0.000   0.000
FORCE       4013  425035          1000.0   0.000   0.000   0.211
FORCE       4013  425130          1000.0   0.000 -13.341   0.000
FORCE       4013  425120          1000.0   0.000 -16.305   0.000
FORCE       4013  400402          1000.0   0.000   0.000  -1.939
FORCE       4013  400401          1000.0   0.000   0.000  -1.939
FORCE       4013  400403          1000.0   0.000   0.000  -1.939
FORCE       4013  400404          1000.0   0.000   0.000  -1.939
FORCE       4013  400405          1000.0   0.000   0.000  -1.939
FORCE       4013  400408          1000.0   0.000   0.000  -1.939
FORCE       4013  400407          1000.0   0.000   0.000  -1.939
FORCE       4013  400406          1000.0   0.000   0.000  -1.939
FORCE       4013  400411          1000.0   0.000   0.000  -1.939
FORCE       4013  400409          1000.0   0.000   0.000  -1.939
FORCE       4013  400410          1000.0   0.000   0.000  -1.939
FORCE       4013  400412          1000.0   0.000   0.000  -1.939
FORCE       4013  400414          1000.0   0.000   0.000  -1.939
FORCE       4013  400416          1000.0   0.000   0.000  -1.939
FORCE       4013  400415          1000.0   0.000   0.000  -1.939
FORCE       4013  400413          1000.0   0.000   0.000  -1.939
FORCE       4013  450000          1000.0   0.000   4.194   0.000
FORCE       4013  450000          1000.0   0.000   0.000  -3.776
FORCE       4013  450001          1000.0   0.000  -4.194   0.000
FORCE       4013  450001          1000.0   0.000   0.000  -3.776
FORCE       4014  400717          1000.0   0.000   0.000  -4.467
FORCE       4014  400704          1000.0   0.000   0.000  -4.467
FORCE       4014  400703          1000.0   0.000   0.000  -4.467
FORCE       4014  400702          1000.0   0.000   0.000  -4.467
FORCE       4014  400705          1000.0   0.000   0.000  -4.467
FORCE       4014  400707          1000.0   0.000   0.000  -4.467
FORCE       4014  400708          1000.0   0.000   0.000  -4.467
FORCE       4014  400706          1000.0   0.000   0.000  -4.467
FORCE       4014  400710          1000.0   0.000   0.000  -4.467
FORCE       4014  400712          1000.0   0.000   0.000  -4.467
FORCE       4014  400711          1000.0   0.000   0.000  -4.467
FORCE       4014  400709          1000.0   0.000   0.000  -4.467
FORCE       4014  400714          1000.0   0.000   0.000  -4.467
FORCE       4014  400713          1000.0   0.000   0.000  -4.467
FORCE       4014  400715          1000.0   0.000   0.000  -4.467
FORCE       4014  400716          1000.0   0.000   0.000  -4.467
FORCE       4014  415000          1000.0 -57.228   0.000   0.000
FORCE       4014  415000          1000.0   0.000  10.412   0.000
FORCE       4014  415000          1000.0   0.000   0.000-134.749
FORCE       4014  415001          1000.0 -57.228   0.000   0.000
FORCE       4014  415001          1000.0   0.000   8.712   0.000
FORCE       4014  415001          1000.0   0.000   0.000-138.155
FORCE       4014  425035          1000.0  10.441   0.000   0.000
FORCE       4014  425035          1000.0   0.000   0.000   0.193
FORCE       4014  425130          1000.0   0.000  -2.132   0.000
FORCE       4014  425120          1000.0   0.000  -2.605   0.000
FORCE       4014  400402          1000.0   0.000   0.000  -4.808
FORCE       4014  400401          1000.0   0.000   0.000  -4.808
FORCE       4014  400403          1000.0   0.000   0.000  -4.808
FORCE       4014  400404          1000.0   0.000   0.000  -4.808
FORCE       4014  400405          1000.0   0.000   0.000  -4.808
FORCE       4014  400408          1000.0   0.000   0.000  -4.808
FORCE       4014  400407          1000.0   0.000   0.000  -4.808
FORCE       4014  400406          1000.0   0.000   0.000  -4.808
FORCE       4014  400411          1000.0   0.000   0.000  -4.808
FORCE       4014  400409          1000.0   0.000   0.000  -4.808
FORCE       4014  400410          1000.0   0.000   0.000  -4.808
FORCE       4014  400412          1000.0   0.000   0.000  -4.808
FORCE       4014  400414          1000.0   0.000   0.000  -4.808
FORCE       4014  400416          1000.0   0.000   0.000  -4.808
FORCE       4014  400415          1000.0   0.000   0.000  -4.808
FORCE       4014  400413          1000.0   0.000   0.000  -4.808
FORCE       4014  450000          1000.0   0.000  15.262   0.000
FORCE       4014  450000          1000.0   0.000   0.000 -13.742
FORCE       4014  450001          1000.0   0.000 -15.262   0.000
FORCE       4014  450001          1000.0   0.000   0.000 -13.742
FORCE       4030  400704          1000.0   0.000   0.000  -1.635
FORCE       4030  400702          1000.0   0.000   0.000  -1.635
FORCE       4030  400717          1000.0   0.000   0.000  -1.635
FORCE       4030  400703          1000.0   0.000   0.000  -1.635
FORCE       4030  400705          1000.0   0.000   0.000  -1.635
FORCE       4030  400707          1000.0   0.000   0.000  -1.635
FORCE       4030  400706          1000.0   0.000   0.000  -1.635
FORCE       4030  400708          1000.0   0.000   0.000  -1.635
FORCE       4030  400712          1000.0   0.000   0.000  -1.635
FORCE       4030  400710          1000.0   0.000   0.000  -1.635
FORCE       4030  400711          1000.0   0.000   0.000  -1.635
FORCE       4030  400709          1000.0   0.000   0.000  -1.635
FORCE       4030  400713          1000.0   0.000   0.000  -1.635
FORCE       4030  400716          1000.0   0.000   0.000  -1.635
FORCE       4030  400715          1000.0   0.000   0.000  -1.635
FORCE       4030  400714          1000.0   0.000   0.000  -1.635
FORCE       4030  415000          1000.0-139.958   0.000   0.000
FORCE       4030  415000          1000.0   0.000  -0.126   0.000
FORCE       4030  415000          1000.0   0.000   0.000-102.224
FORCE       4030  415001          1000.0-139.958   0.000   0.000
FORCE       4030  415001          1000.0   0.000  -0.126   0.000
FORCE       4030  415001          1000.0   0.000   0.000-102.231
$FORCE       4030  425035          1000.0   0.000   0.000   0.000
FORCE       4030  425035          1000.0   0.006   0.000   0.000
FORCE       4030  425130          1000.0   0.000  -0.172   0.000
FORCE       4030  425120          1000.0   0.000  -0.210   0.000
FORCE       4030  400401          1000.0   0.000   0.000  -3.494
FORCE       4030  400404          1000.0   0.000   0.000  -3.494
FORCE       4030  400402          1000.0   0.000   0.000  -3.494
FORCE       4030  400403          1000.0   0.000   0.000  -3.494
FORCE       4030  400406          1000.0   0.000   0.000  -3.494
FORCE       4030  400405          1000.0   0.000   0.000  -3.494
FORCE       4030  400408          1000.0   0.000   0.000  -3.494
FORCE       4030  400407          1000.0   0.000   0.000  -3.494
FORCE       4030  400409          1000.0   0.000   0.000  -3.494
FORCE       4030  400410          1000.0   0.000   0.000  -3.494
FORCE       4030  400412          1000.0   0.000   0.000  -3.494
FORCE       4030  400411          1000.0   0.000   0.000  -3.494
FORCE       4030  400416          1000.0   0.000   0.000  -3.494
FORCE       4030  400414          1000.0   0.000   0.000  -3.494
FORCE       4030  400415          1000.0   0.000   0.000  -3.494
FORCE       4030  400413          1000.0   0.000   0.000  -3.494
FORCE       4030  450000          1000.0   0.000   8.997   0.000
FORCE       4030  450000          1000.0   0.000   0.000  -8.101
FORCE       4030  450001          1000.0   0.000  -8.997   0.000
FORCE       4030  450001          1000.0   0.000   0.000  -8.101
FORCE       4031  400704          1000.0   0.000   0.000  -0.834
FORCE       4031  400702          1000.0   0.000   0.000  -0.834
FORCE       4031  400717          1000.0   0.000   0.000  -0.834
FORCE       4031  400703          1000.0   0.000   0.000  -0.834
FORCE       4031  400705          1000.0   0.000   0.000  -0.834
FORCE       4031  400707          1000.0   0.000   0.000  -0.834
FORCE       4031  400706          1000.0   0.000   0.000  -0.834
FORCE       4031  400708          1000.0   0.000   0.000  -0.834
FORCE       4031  400712          1000.0   0.000   0.000  -0.834
FORCE       4031  400710          1000.0   0.000   0.000  -0.834
FORCE       4031  400711          1000.0   0.000   0.000  -0.834
FORCE       4031  400709          1000.0   0.000   0.000  -0.834
FORCE       4031  400713          1000.0   0.000   0.000  -0.834
FORCE       4031  400716          1000.0   0.000   0.000  -0.834
FORCE       4031  400715          1000.0   0.000   0.000  -0.834
FORCE       4031  400714          1000.0   0.000   0.000  -0.834
FORCE       4031  415000          1000.0  46.089   0.000   0.000
FORCE       4031  415000          1000.0   0.000   0.104   0.000
FORCE       4031  415000          1000.0   0.000   0.000 -42.239
FORCE       4031  415001          1000.0  46.089   0.000   0.000
FORCE       4031  415001          1000.0   0.000   0.104   0.000
FORCE       4031  415001          1000.0   0.000   0.000 -43.244
FORCE       4031  425035          1000.0 55.13400.000   0.000
FORCE       4031  425035          1000.0   0.000   0.000 2.38800
MOMENT      4031  425035          1.0E+6   0.000-1.57535   0.000
FORCE       4031  425130          1000.0   0.000   0.140   0.000
FORCE       4031  425120          1000.0   0.000   0.171   0.000
FORCE       4031  400401          1000.0   0.000   0.000  -1.218
FORCE       4031  400404          1000.0   0.000   0.000  -1.218
FORCE       4031  400402          1000.0   0.000   0.000  -1.218
FORCE       4031  400403          1000.0   0.000   0.000  -1.218
FORCE       4031  400406          1000.0   0.000   0.000  -1.218
FORCE       4031  400405          1000.0   0.000   0.000  -1.218
FORCE       4031  400408          1000.0   0.000   0.000  -1.218
FORCE       4031  400407          1000.0   0.000   0.000  -1.218
FORCE       4031  400409          1000.0   0.000   0.000  -1.218
FORCE       4031  400410          1000.0   0.000   0.000  -1.218
FORCE       4031  400412          1000.0   0.000   0.000  -1.218
FORCE       4031  400411          1000.0   0.000   0.000  -1.218
FORCE       4031  400416          1000.0   0.000   0.000  -1.218
FORCE       4031  400414          1000.0   0.000   0.000  -1.218
FORCE       4031  400415          1000.0   0.000   0.000  -1.218
FORCE       4031  400413          1000.0   0.000   0.000  -1.218
FORCE       4031  450000          1000.0   0.000   5.893   0.000
FORCE       4031  450000          1000.0   0.000   0.000  -5.306
FORCE       4031  450001          1000.0   0.000  -5.893   0.000
FORCE       4031  450001          1000.0   0.000   0.000  -5.306
FORCE       4032  400704          1000.0   0.000   0.000  -1.233
FORCE       4032  400702          1000.0   0.000   0.000  -1.233
FORCE       4032  400717          1000.0   0.000   0.000  -1.233
FORCE       4032  400703          1000.0   0.000   0.000  -1.233
FORCE       4032  400706          1000.0   0.000   0.000  -1.233
FORCE       4032  400708          1000.0   0.000   0.000  -1.233
FORCE       4032  400705          1000.0   0.000   0.000  -1.233
FORCE       4032  400707          1000.0   0.000   0.000  -1.233
FORCE       4032  400709          1000.0   0.000   0.000  -1.233
FORCE       4032  400710          1000.0   0.000   0.000  -1.233
FORCE       4032  400711          1000.0   0.000   0.000  -1.233
FORCE       4032  400712          1000.0   0.000   0.000  -1.233
FORCE       4032  400715          1000.0   0.000   0.000  -1.233
FORCE       4032  400714          1000.0   0.000   0.000  -1.233
FORCE       4032  400713          1000.0   0.000   0.000  -1.233
FORCE       4032  400716          1000.0   0.000   0.000  -1.233
FORCE       4032  415000          1000.0 -90.220   0.000   0.000
FORCE       4032  415000          1000.0   0.000  -0.182   0.000
FORCE       4032  415000          1000.0   0.000   0.000 -84.438
FORCE       4032  415001          1000.0 -90.220   0.000   0.000
FORCE       4032  415001          1000.0   0.000  -0.182   0.000
FORCE       4032  415001          1000.0   0.000   0.000 -84.443
FORCE       4032  425035          1000.0   0.004   0.000   0.000
$FORCE       4032  425035          1000.0   0.000   0.000   0.000
FORCE       4032  425130          1000.0   0.000  -0.133   0.000
FORCE       4032  425120          1000.0   0.000  -0.163   0.000
FORCE       4032  400401          1000.0   0.000   0.000  -2.510
FORCE       4032  400404          1000.0   0.000   0.000  -2.510
FORCE       4032  400402          1000.0   0.000   0.000  -2.510
FORCE       4032  400403          1000.0   0.000   0.000  -2.510
FORCE       4032  400406          1000.0   0.000   0.000  -2.510
FORCE       4032  400405          1000.0   0.000   0.000  -2.510
FORCE       4032  400408          1000.0   0.000   0.000  -2.510
FORCE       4032  400407          1000.0   0.000   0.000  -2.510
FORCE       4032  400409          1000.0   0.000   0.000  -2.510
FORCE       4032  400410          1000.0   0.000   0.000  -2.510
FORCE       4032  400412          1000.0   0.000   0.000  -2.510
FORCE       4032  400411          1000.0   0.000   0.000  -2.510
FORCE       4032  400416          1000.0   0.000   0.000  -2.510
FORCE       4032  400414          1000.0   0.000   0.000  -2.510
FORCE       4032  400415          1000.0   0.000   0.000  -2.510
FORCE       4032  400413          1000.0   0.000   0.000  -2.510
FORCE       4032  450000          1000.0   0.000   6.225   0.000
FORCE       4032  450000          1000.0   0.000   0.000  -5.605
FORCE       4032  450001          1000.0   0.000  -6.225   0.000
FORCE       4032  450001          1000.0   0.000   0.000  -5.605
FORCE       4044  400717          1000.0   0.000   0.000  -3.708
FORCE       4044  400704          1000.0   0.000   0.000  -3.708
FORCE       4044  400703          1000.0   0.000   0.000  -3.708
FORCE       4044  400702          1000.0   0.000   0.000  -3.708
FORCE       4044  400705          1000.0   0.000   0.000  -3.708
FORCE       4044  400707          1000.0   0.000   0.000  -3.708
FORCE       4044  400708          1000.0   0.000   0.000  -3.708
FORCE       4044  400706          1000.0   0.000   0.000  -3.708
FORCE       4044  400710          1000.0   0.000   0.000  -3.708
FORCE       4044  400712          1000.0   0.000   0.000  -3.708
FORCE       4044  400711          1000.0   0.000   0.000  -3.708
FORCE       4044  400709          1000.0   0.000   0.000  -3.708
FORCE       4044  400714          1000.0   0.000   0.000  -3.708
FORCE       4044  400713          1000.0   0.000   0.000  -3.708
FORCE       4044  400715          1000.0   0.000   0.000  -3.708
FORCE       4044  400716          1000.0   0.000   0.000  -3.708
FORCE       4044  415000          1000.0 -59.435   0.000   0.000
FORCE       4044  415000          1000.0   0.000  22.514   0.000
FORCE       4044  415000          1000.0   0.000   0.000 -17.145
FORCE       4044  415001          1000.0 -59.435   0.000   0.000
FORCE       4044  415001          1000.0   0.000  10.914   0.000
FORCE       4044  415001          1000.0   0.000   0.000 -75.549
FORCE       4044  425035          1000.0  11.446   0.000   0.000
FORCE       4044  425035          1000.0   0.000   0.000   0.211
FORCE       4044  425130          1000.0   0.000 -13.307   0.000
FORCE       4044  425120          1000.0   0.000 -16.265   0.000
FORCE       4044  400402          1000.0   0.000   0.000  -2.065
FORCE       4044  400401          1000.0   0.000   0.000  -2.065
FORCE       4044  400403          1000.0   0.000   0.000  -2.065
FORCE       4044  400404          1000.0   0.000   0.000  -2.065
FORCE       4044  400405          1000.0   0.000   0.000  -2.065
FORCE       4044  400408          1000.0   0.000   0.000  -2.065
FORCE       4044  400407          1000.0   0.000   0.000  -2.065
FORCE       4044  400406          1000.0   0.000   0.000  -2.065
FORCE       4044  400411          1000.0   0.000   0.000  -2.065
FORCE       4044  400409          1000.0   0.000   0.000  -2.065
FORCE       4044  400410          1000.0   0.000   0.000  -2.065
FORCE       4044  400412          1000.0   0.000   0.000  -2.065
FORCE       4044  400414          1000.0   0.000   0.000  -2.065
FORCE       4044  400416          1000.0   0.000   0.000  -2.065
FORCE       4044  400415          1000.0   0.000   0.000  -2.065
FORCE       4044  400413          1000.0   0.000   0.000  -2.065
FORCE       4044  450000          1000.0   0.000   4.199   0.000
FORCE       4044  450000          1000.0   0.000   0.000  -3.781
FORCE       4044  450001          1000.0   0.000  -4.199   0.000
FORCE       4044  450001          1000.0   0.000   0.000  -3.781
FORCE       4002  400702          1000.0   0.000   0.000  -5.361
FORCE       4002  400704          1000.0   0.000   0.000  -5.361
FORCE       4002  400717          1000.0   0.000   0.000  -5.361
FORCE       4002  400703          1000.0   0.000   0.000  -5.361
FORCE       4002  400708          1000.0   0.000   0.000  -5.361
FORCE       4002  400705          1000.0   0.000   0.000  -5.361
FORCE       4002  400706          1000.0   0.000   0.000  -5.361
FORCE       4002  400707          1000.0   0.000   0.000  -5.361
FORCE       4002  400711          1000.0   0.000   0.000  -5.361
FORCE       4002  400712          1000.0   0.000   0.000  -5.361
FORCE       4002  400709          1000.0   0.000   0.000  -5.361
FORCE       4002  400710          1000.0   0.000   0.000  -5.361
FORCE       4002  400713          1000.0   0.000   0.000  -5.361
FORCE       4002  400716          1000.0   0.000   0.000  -5.361
FORCE       4002  400715          1000.0   0.000   0.000  -5.361
FORCE       4002  400714          1000.0   0.000   0.000  -5.361
FORCE       4002  415001          1000.0   0.000  -6.703   0.000
FORCE       4002  415001          1000.0   0.000   0.000 -93.978
FORCE       4002  415000          1000.0   0.000   8.547   0.000
FORCE       4002  415000          1000.0   0.000   0.000-121.081
FORCE       4002  415001          1000.0 -59.330   0.000   0.000
FORCE       4002  415000          1000.0 -59.330   0.000   0.000
FORCE       4002  425035          1000.0  13.129   0.000   0.000
FORCE       4002  425035          1000.0   0.000   0.000   0.649
FORCE       4002  425130          1000.0   0.000  10.683   0.000
FORCE       4002  425120          1000.0   0.000  13.057   0.000
FORCE       4002  400404          1000.0   0.000   0.000  -5.749
FORCE       4002  400403          1000.0   0.000   0.000  -5.749
FORCE       4002  400402          1000.0   0.000   0.000  -5.749
FORCE       4002  400401          1000.0   0.000   0.000  -5.749
FORCE       4002  400406          1000.0   0.000   0.000  -5.749
FORCE       4002  400408          1000.0   0.000   0.000  -5.749
FORCE       4002  400407          1000.0   0.000   0.000  -5.749
FORCE       4002  400405          1000.0   0.000   0.000  -5.749
FORCE       4002  400409          1000.0   0.000   0.000  -5.749
FORCE       4002  400412          1000.0   0.000   0.000  -5.749
FORCE       4002  400410          1000.0   0.000   0.000  -5.749
FORCE       4002  400411          1000.0   0.000   0.000  -5.749
FORCE       4002  400416          1000.0   0.000   0.000  -5.749
FORCE       4002  400415          1000.0   0.000   0.000  -5.749
FORCE       4002  400413          1000.0   0.000   0.000  -5.749
FORCE       4002  400414          1000.0   0.000   0.000  -5.749
FORCE       4002  450001          1000.0   0.000 -10.259   0.000
FORCE       4002  450000          1000.0   0.000  10.259   0.000
FORCE       4002  450001          1000.0   0.000   0.000  -9.238
FORCE       4002  450000          1000.0   0.000   0.000  -9.238
FORCE       4003  400702          1000.0   0.000   0.000  -2.064
FORCE       4003  400704          1000.0   0.000   0.000  -2.064
FORCE       4003  400717          1000.0   0.000   0.000  -2.064
FORCE       4003  400703          1000.0   0.000   0.000  -2.064
FORCE       4003  400708          1000.0   0.000   0.000  -2.064
FORCE       4003  400705          1000.0   0.000   0.000  -2.064
FORCE       4003  400706          1000.0   0.000   0.000  -2.064
FORCE       4003  400707          1000.0   0.000   0.000  -2.064
FORCE       4003  400711          1000.0   0.000   0.000  -2.064
FORCE       4003  400712          1000.0   0.000   0.000  -2.064
FORCE       4003  400709          1000.0   0.000   0.000  -2.064
FORCE       4003  400710          1000.0   0.000   0.000  -2.064
FORCE       4003  400713          1000.0   0.000   0.000  -2.064
FORCE       4003  400716          1000.0   0.000   0.000  -2.064
FORCE       4003  400715          1000.0   0.000   0.000  -2.064
FORCE       4003  400714          1000.0   0.000   0.000  -2.064
FORCE       4003  415001          1000.0   0.000   0.035   0.000
FORCE       4003  415001          1000.0   0.000   0.000  47.365
FORCE       4003  415000          1000.0   0.000  -3.065   0.000
FORCE       4003  415000          1000.0   0.000   0.000  61.668
FORCE       4003  415001          1000.0 -46.624   0.000   0.000
FORCE       4003  415000          1000.0 -46.624   0.000   0.000
FORCE       4003  425035          1000.0   4.686   0.000   0.000
FORCE       4003  425035          1000.0   0.000   0.000   0.232
FORCE       4003  425130          1000.0   0.000   0.405   0.000
FORCE       4003  425120          1000.0   0.000   0.495   0.000
FORCE       4003  400404          1000.0   0.000   0.000   0.713
FORCE       4003  400403          1000.0   0.000   0.000   0.713
FORCE       4003  400402          1000.0   0.000   0.000   0.713
FORCE       4003  400401          1000.0   0.000   0.000   0.713
FORCE       4003  400406          1000.0   0.000   0.000   0.713
FORCE       4003  400408          1000.0   0.000   0.000   0.713
FORCE       4003  400407          1000.0   0.000   0.000   0.713
FORCE       4003  400405          1000.0   0.000   0.000   0.713
FORCE       4003  400409          1000.0   0.000   0.000   0.713
FORCE       4003  400412          1000.0   0.000   0.000   0.713
FORCE       4003  400410          1000.0   0.000   0.000   0.713
FORCE       4003  400411          1000.0   0.000   0.000   0.713
FORCE       4003  400416          1000.0   0.000   0.000   0.713
FORCE       4003  400415          1000.0   0.000   0.000   0.713
FORCE       4003  400413          1000.0   0.000   0.000   0.713
FORCE       4003  400414          1000.0   0.000   0.000   0.713
FORCE       4003  450001          1000.0   0.000   1.530   0.000
FORCE       4003  450000          1000.0   0.000  -1.530   0.000
FORCE       4003  450001          1000.0   0.000   0.000   1.377
FORCE       4003  450000          1000.0   0.000   0.000   1.377
FORCE       4007  400702          1000.0   0.000   0.000  -5.675
FORCE       4007  400703          1000.0   0.000   0.000  -5.675
FORCE       4007  400704          1000.0   0.000   0.000  -5.675
FORCE       4007  400717          1000.0   0.000   0.000  -5.675
FORCE       4007  400707          1000.0   0.000   0.000  -5.675
FORCE       4007  400708          1000.0   0.000   0.000  -5.675
FORCE       4007  400706          1000.0   0.000   0.000  -5.675
FORCE       4007  400705          1000.0   0.000   0.000  -5.675
FORCE       4007  400712          1000.0   0.000   0.000  -5.675
FORCE       4007  400710          1000.0   0.000   0.000  -5.675
FORCE       4007  400709          1000.0   0.000   0.000  -5.675
FORCE       4007  400711          1000.0   0.000   0.000  -5.675
FORCE       4007  400713          1000.0   0.000   0.000  -5.675
FORCE       4007  400715          1000.0   0.000   0.000  -5.675
FORCE       4007  400716          1000.0   0.000   0.000  -5.675
FORCE       4007  400714          1000.0   0.000   0.000  -5.675
FORCE       4007  415001          1000.0   0.000   3.413   0.000
FORCE       4007  415001          1000.0   0.000   0.000-102.306
FORCE       4007  415000          1000.0   0.000   4.903   0.000
FORCE       4007  415000          1000.0   0.000   0.000 -96.550
FORCE       4007  415001          1000.0 -40.893   0.000   0.000
FORCE       4007  415000          1000.0 -40.893   0.000   0.000
FORCE       4007  425035          1000.0   0.000   0.000   0.398
FORCE       4007  425035          1000.0   8.041   0.000   0.000
FORCE       4007  425130          1000.0   0.000   0.005   0.000
FORCE       4007  425120          1000.0   0.000   0.006   0.000
FORCE       4007  400403          1000.0   0.000   0.000  -3.374
FORCE       4007  400404          1000.0   0.000   0.000  -3.374
FORCE       4007  400402          1000.0   0.000   0.000  -3.374
FORCE       4007  400401          1000.0   0.000   0.000  -3.374
FORCE       4007  400407          1000.0   0.000   0.000  -3.374
FORCE       4007  400406          1000.0   0.000   0.000  -3.374
FORCE       4007  400405          1000.0   0.000   0.000  -3.374
FORCE       4007  400408          1000.0   0.000   0.000  -3.374
FORCE       4007  400410          1000.0   0.000   0.000  -3.374
FORCE       4007  400412          1000.0   0.000   0.000  -3.374
FORCE       4007  400411          1000.0   0.000   0.000  -3.374
FORCE       4007  400409          1000.0   0.000   0.000  -3.374
FORCE       4007  400416          1000.0   0.000   0.000  -3.374
FORCE       4007  400414          1000.0   0.000   0.000  -3.374
FORCE       4007  400413          1000.0   0.000   0.000  -3.374
FORCE       4007  400415          1000.0   0.000   0.000  -3.374
FORCE       4007  450001          1000.0   0.000   7.787   0.000
FORCE       4007  450000          1000.0   0.000  -7.787   0.000
FORCE       4007  450001          1000.0   0.000   0.000   7.011
FORCE       4007  450000          1000.0   0.000   0.000   7.011
FORCE       4015  400717          1000.0   0.000   0.000  -2.297
FORCE       4015  400704          1000.0   0.000   0.000  -2.297
FORCE       4015  400703          1000.0   0.000   0.000  -2.297
FORCE       4015  400702          1000.0   0.000   0.000  -2.297
FORCE       4015  400706          1000.0   0.000   0.000  -2.297
FORCE       4015  400705          1000.0   0.000   0.000  -2.297
FORCE       4015  400707          1000.0   0.000   0.000  -2.297
FORCE       4015  400708          1000.0   0.000   0.000  -2.297
FORCE       4015  400710          1000.0   0.000   0.000  -2.297
FORCE       4015  400712          1000.0   0.000   0.000  -2.297
FORCE       4015  400711          1000.0   0.000   0.000  -2.297
FORCE       4015  400709          1000.0   0.000   0.000  -2.297
FORCE       4015  400715          1000.0   0.000   0.000  -2.297
FORCE       4015  400713          1000.0   0.000   0.000  -2.297
FORCE       4015  400714          1000.0   0.000   0.000  -2.297
FORCE       4015  400716          1000.0   0.000   0.000  -2.297
FORCE       4015  415000          1000.0   0.000   9.200   0.000
FORCE       4015  415000          1000.0   0.000   0.000  18.500
FORCE       4015  415001          1000.0   0.000  -0.400   0.000
FORCE       4015  415001          1000.0   0.000   0.000  29.600
FORCE       4015  415000          1000.0 -67.900   0.000   0.000
FORCE       4015  415001          1000.0 -67.900   0.000   0.000
FORCE       4015  425035          1000.0   0.000   0.000   0.672
FORCE       4015  425035          1000.0  13.590   0.000   0.000
FORCE       4015  425130          1000.0   0.000   0.450   0.000
FORCE       4015  425120          1000.0   0.000   0.550   0.000
FORCE       4015  400402          1000.0   0.000   0.000   2.534
FORCE       4015  400401          1000.0   0.000   0.000   2.534
FORCE       4015  400403          1000.0   0.000   0.000   2.534
FORCE       4015  400404          1000.0   0.000   0.000   2.534
FORCE       4015  400405          1000.0   0.000   0.000   2.534
FORCE       4015  400408          1000.0   0.000   0.000   2.534
FORCE       4015  400407          1000.0   0.000   0.000   2.534
FORCE       4015  400406          1000.0   0.000   0.000   2.534
FORCE       4015  400411          1000.0   0.000   0.000   2.534
FORCE       4015  400409          1000.0   0.000   0.000   2.534
FORCE       4015  400412          1000.0   0.000   0.000   2.534
FORCE       4015  400410          1000.0   0.000   0.000   2.534
FORCE       4015  400415          1000.0   0.000   0.000   2.534
FORCE       4015  400413          1000.0   0.000   0.000   2.534
FORCE       4015  400416          1000.0   0.000   0.000   2.534
FORCE       4015  400414          1000.0   0.000   0.000   2.534
FORCE       4015  450000          1000.0   0.000  -9.995   0.000
FORCE       4015  450001          1000.0   0.000   9.995   0.000
FORCE       4015  450000          1000.0   0.000   0.000   9.000
FORCE       4015  450001          1000.0   0.000   0.000   9.000
FORCE       4019  400717          1000.0   0.000   0.000  -2.594
FORCE       4019  400704          1000.0   0.000   0.000  -2.594
FORCE       4019  400703          1000.0   0.000   0.000  -2.594
FORCE       4019  400702          1000.0   0.000   0.000  -2.594
FORCE       4019  400706          1000.0   0.000   0.000  -2.594
FORCE       4019  400705          1000.0   0.000   0.000  -2.594
FORCE       4019  400707          1000.0   0.000   0.000  -2.594
FORCE       4019  400708          1000.0   0.000   0.000  -2.594
FORCE       4019  400710          1000.0   0.000   0.000  -2.594
FORCE       4019  400712          1000.0   0.000   0.000  -2.594
FORCE       4019  400711          1000.0   0.000   0.000  -2.594
FORCE       4019  400709          1000.0   0.000   0.000  -2.594
FORCE       4019  400715          1000.0   0.000   0.000  -2.594
FORCE       4019  400713          1000.0   0.000   0.000  -2.594
FORCE       4019  400714          1000.0   0.000   0.000  -2.594
FORCE       4019  400716          1000.0   0.000   0.000  -2.594
FORCE       4019  415000          1000.0   0.000   6.894   0.000
FORCE       4019  415000          1000.0   0.000   0.000  63.101
FORCE       4019  415001          1000.0   0.000   5.394   0.000
FORCE       4019  415001          1000.0   0.000   0.000  43.104
FORCE       4019  415000          1000.0 -19.602   0.000   0.000
FORCE       4019  415001          1000.0 -19.602   0.000   0.000
FORCE       4019  425035          1000.0   0.000   0.000   0.164
FORCE       4019  425035          1000.0   3.313   0.000   0.000
FORCE       4019  425130          1000.0   0.000  -2.386   0.000
FORCE       4019  425120          1000.0   0.000  -2.916   0.000
FORCE       4019  400402          1000.0   0.000   0.000   3.819
FORCE       4019  400401          1000.0   0.000   0.000   3.819
FORCE       4019  400403          1000.0   0.000   0.000   3.819
FORCE       4019  400404          1000.0   0.000   0.000   3.819
FORCE       4019  400405          1000.0   0.000   0.000   3.819
FORCE       4019  400408          1000.0   0.000   0.000   3.819
FORCE       4019  400407          1000.0   0.000   0.000   3.819
FORCE       4019  400406          1000.0   0.000   0.000   3.819
FORCE       4019  400411          1000.0   0.000   0.000   3.819
FORCE       4019  400409          1000.0   0.000   0.000   3.819
FORCE       4019  400412          1000.0   0.000   0.000   3.819
FORCE       4019  400410          1000.0   0.000   0.000   3.819
FORCE       4019  400415          1000.0   0.000   0.000   3.819
FORCE       4019  400413          1000.0   0.000   0.000   3.819
FORCE       4019  400416          1000.0   0.000   0.000   3.819
FORCE       4019  400414          1000.0   0.000   0.000   3.819
FORCE       4019  450000          1000.0   0.000 -12.497   0.000
FORCE       4019  450001          1000.0   0.000   0.000  11.252
FORCE       4019  450001          1000.0   0.000  12.497   0.000
FORCE       4019  450000          1000.0   0.000   0.000  11.252
FORCE       4020  400717          1000.0   0.000   0.000  -6.337
FORCE       4020  400704          1000.0   0.000   0.000  -6.337
FORCE       4020  400703          1000.0   0.000   0.000  -6.337
FORCE       4020  400702          1000.0   0.000   0.000  -6.337
FORCE       4020  400706          1000.0   0.000   0.000  -6.337
FORCE       4020  400705          1000.0   0.000   0.000  -6.337
FORCE       4020  400707          1000.0   0.000   0.000  -6.337
FORCE       4020  400708          1000.0   0.000   0.000  -6.337
FORCE       4020  400710          1000.0   0.000   0.000  -6.337
FORCE       4020  400712          1000.0   0.000   0.000  -6.337
FORCE       4020  400711          1000.0   0.000   0.000  -6.337
FORCE       4020  400709          1000.0   0.000   0.000  -6.337
FORCE       4020  400715          1000.0   0.000   0.000  -6.337
FORCE       4020  400713          1000.0   0.000   0.000  -6.337
FORCE       4020  400714          1000.0   0.000   0.000  -6.337
FORCE       4020  400716          1000.0   0.000   0.000  -6.337
FORCE       4020  415000          1000.0   0.000  31.308   0.000
FORCE       4020  415000          1000.0   0.000   0.000 -91.383
FORCE       4020  415001          1000.0   0.000  -7.092   0.000
FORCE       4020  415001          1000.0   0.000   0.000-113.491
FORCE       4020  415000          1000.0-111.723   0.000   0.000
FORCE       4020  415001          1000.0-111.723   0.000   0.000
FORCE       4020  425035          1000.0   0.000   0.000   0.781
FORCE       4020  425035          1000.0  15.796   0.000   0.000
FORCE       4020  425130          1000.0   0.000  10.357   0.000
FORCE       4020  425120          1000.0   0.000  12.658   0.000
FORCE       4020  400402          1000.0   0.000   0.000  -6.257
FORCE       4020  400401          1000.0   0.000   0.000  -6.257
FORCE       4020  400403          1000.0   0.000   0.000  -6.257
FORCE       4020  400404          1000.0   0.000   0.000  -6.257
FORCE       4020  400405          1000.0   0.000   0.000  -6.257
FORCE       4020  400408          1000.0   0.000   0.000  -6.257
FORCE       4020  400407          1000.0   0.000   0.000  -6.257
FORCE       4020  400406          1000.0   0.000   0.000  -6.257
FORCE       4020  400411          1000.0   0.000   0.000  -6.257
FORCE       4020  400409          1000.0   0.000   0.000  -6.257
FORCE       4020  400412          1000.0   0.000   0.000  -6.257
FORCE       4020  400410          1000.0   0.000   0.000  -6.257
FORCE       4020  400415          1000.0   0.000   0.000  -6.257
FORCE       4020  400413          1000.0   0.000   0.000  -6.257
FORCE       4020  400416          1000.0   0.000   0.000  -6.257
FORCE       4020  400414          1000.0   0.000   0.000  -6.257
FORCE       4020  450000          1000.0   0.000  20.511   0.000
FORCE       4020  450001          1000.0   0.000   0.000 -18.469
FORCE       4020  450001          1000.0   0.000 -20.511   0.000
FORCE       4020  450000          1000.0   0.000   0.000 -18.469
FORCE       4022  400717          1000.0   0.000   0.000  -2.905
FORCE       4022  400704          1000.0   0.000   0.000  -2.905
FORCE       4022  400703          1000.0   0.000   0.000  -2.905
FORCE       4022  400702          1000.0   0.000   0.000  -2.905
FORCE       4022  400706          1000.0   0.000   0.000  -2.905
FORCE       4022  400705          1000.0   0.000   0.000  -2.905
FORCE       4022  400707          1000.0   0.000   0.000  -2.905
FORCE       4022  400708          1000.0   0.000   0.000  -2.905
FORCE       4022  400710          1000.0   0.000   0.000  -2.905
FORCE       4022  400712          1000.0   0.000   0.000  -2.905
FORCE       4022  400711          1000.0   0.000   0.000  -2.905
FORCE       4022  400709          1000.0   0.000   0.000  -2.905
FORCE       4022  400715          1000.0   0.000   0.000  -2.905
FORCE       4022  400713          1000.0   0.000   0.000  -2.905
FORCE       4022  400714          1000.0   0.000   0.000  -2.905
FORCE       4022  400716          1000.0   0.000   0.000  -2.905
FORCE       4022  415000          1000.0   0.000  24.612   0.000
FORCE       4022  415000          1000.0   0.000   0.000  39.102
FORCE       4022  415001          1000.0   0.000  22.753   0.000
FORCE       4022  415001          1000.0   0.000   0.000  28.691
FORCE       4022  415000          1000.0 -73.289   0.000   0.000
FORCE       4022  415001          1000.0 -73.289   0.000   0.000
FORCE       4022  425035          1000.0   0.000   0.000   0.773
FORCE       4022  425035          1000.0  15.636   0.000   0.000
FORCE       4022  425130          1000.0   0.000 -14.052   0.000
FORCE       4022  425120          1000.0   0.000 -17.175   0.000
FORCE       4022  400402          1000.0   0.000   0.000   2.352
FORCE       4022  400401          1000.0   0.000   0.000   2.352
FORCE       4022  400403          1000.0   0.000   0.000   2.352
FORCE       4022  400404          1000.0   0.000   0.000   2.352
FORCE       4022  400405          1000.0   0.000   0.000   2.352
FORCE       4022  400408          1000.0   0.000   0.000   2.352
FORCE       4022  400407          1000.0   0.000   0.000   2.352
FORCE       4022  400406          1000.0   0.000   0.000   2.352
FORCE       4022  400411          1000.0   0.000   0.000   2.352
FORCE       4022  400409          1000.0   0.000   0.000   2.352
FORCE       4022  400410          1000.0   0.000   0.000   2.352
FORCE       4022  400412          1000.0   0.000   0.000   2.352
FORCE       4022  400414          1000.0   0.000   0.000   2.352
FORCE       4022  400416          1000.0   0.000   0.000   2.352
FORCE       4022  400415          1000.0   0.000   0.000   2.352
FORCE       4022  400413          1000.0   0.000   0.000   2.352
FORCE       4022  450000          1000.0   0.000 -11.683   0.000
FORCE       4022  450001          1000.0   0.000  11.683   0.000
FORCE       4022  450000          1000.0   0.000   0.000  10.519
FORCE       4022  450001          1000.0   0.000   0.000  10.519
FORCE       4024  400702          1000.0   0.000   0.000  -0.131
FORCE       4024  400703          1000.0   0.000   0.000  -0.131
FORCE       4024  400717          1000.0   0.000   0.000  -0.131
FORCE       4024  400704          1000.0   0.000   0.000  -0.131
FORCE       4024  400707          1000.0   0.000   0.000  -0.131
FORCE       4024  400705          1000.0   0.000   0.000  -0.131
FORCE       4024  400706          1000.0   0.000   0.000  -0.131
FORCE       4024  400708          1000.0   0.000   0.000  -0.131
FORCE       4024  400709          1000.0   0.000   0.000  -0.131
FORCE       4024  400711          1000.0   0.000   0.000  -0.131
FORCE       4024  400710          1000.0   0.000   0.000  -0.131
FORCE       4024  400712          1000.0   0.000   0.000  -0.131
FORCE       4024  400714          1000.0   0.000   0.000  -0.131
FORCE       4024  400716          1000.0   0.000   0.000  -0.131
FORCE       4024  400715          1000.0   0.000   0.000  -0.131
FORCE       4024  400713          1000.0   0.000   0.000  -0.131
FORCE       4024  415000          1000.0   0.000  23.970   0.000
FORCE       4024  415000          1000.0   0.000   0.000  -4.736
FORCE       4024  415001          1000.0   0.000  20.170   0.000
FORCE       4024  415001          1000.0   0.000   0.000 -28.266
FORCE       4024  415000          1000.0  -7.178   0.000   0.000
FORCE       4024  415001          1000.0  -7.178   0.000   0.000
FORCE       4024  425035          1000.0   0.000   0.000   0.001
FORCE       4024  425035          1000.0   0.017   0.000   0.000
FORCE       4024  425130          1000.0   0.000  -5.287   0.000
FORCE       4024  425120          1000.0   0.000  -6.462   0.000
FORCE       4024  400401          1000.0   0.000   0.000  -0.051
FORCE       4024  400404          1000.0   0.000   0.000  -0.051
FORCE       4024  400402          1000.0   0.000   0.000  -0.051
FORCE       4024  400403          1000.0   0.000   0.000  -0.051
FORCE       4024  400406          1000.0   0.000   0.000  -0.051
FORCE       4024  400405          1000.0   0.000   0.000  -0.051
FORCE       4024  400408          1000.0   0.000   0.000  -0.051
FORCE       4024  400407          1000.0   0.000   0.000  -0.051
FORCE       4024  400411          1000.0   0.000   0.000  -0.051
FORCE       4024  400409          1000.0   0.000   0.000  -0.051
FORCE       4024  400412          1000.0   0.000   0.000  -0.051
FORCE       4024  400410          1000.0   0.000   0.000  -0.051
FORCE       4024  400414          1000.0   0.000   0.000  -0.051
FORCE       4024  400416          1000.0   0.000   0.000  -0.051
FORCE       4024  400415          1000.0   0.000   0.000  -0.051
FORCE       4024  400413          1000.0   0.000   0.000  -0.051
FORCE       4024  450001          1000.0   0.000   0.000  -0.150
FORCE       4024  450001          1000.0   0.000  -0.167   0.000
FORCE       4024  450000          1000.0   0.000   0.000  -0.150
FORCE       4024  450000          1000.0   0.000   0.167   0.000
FORCE       4025  400702          1000.0   0.000   0.000  -0.568
FORCE       4025  400703          1000.0   0.000   0.000  -0.568
FORCE       4025  400717          1000.0   0.000   0.000  -0.568
FORCE       4025  400704          1000.0   0.000   0.000  -0.568
FORCE       4025  400705          1000.0   0.000   0.000  -0.568
FORCE       4025  400708          1000.0   0.000   0.000  -0.568
FORCE       4025  400707          1000.0   0.000   0.000  -0.568
FORCE       4025  400706          1000.0   0.000   0.000  -0.568
FORCE       4025  400709          1000.0   0.000   0.000  -0.568
FORCE       4025  400712          1000.0   0.000   0.000  -0.568
FORCE       4025  400710          1000.0   0.000   0.000  -0.568
FORCE       4025  400711          1000.0   0.000   0.000  -0.568
FORCE       4025  400714          1000.0   0.000   0.000  -0.568
FORCE       4025  400713          1000.0   0.000   0.000  -0.568
FORCE       4025  400716          1000.0   0.000   0.000  -0.568
FORCE       4025  400715          1000.0   0.000   0.000  -0.568
FORCE       4025  415000          1000.0   0.000  15.057   0.000
FORCE       4025  415000          1000.0   0.000   0.000 -85.400
FORCE       4025  415001          1000.0   0.000  15.057   0.000
FORCE       4025  415001          1000.0   0.000   0.000 -86.600
FORCE       4025  415000          1000.0-133.000   0.000   0.000
FORCE       4025  415001          1000.0-133.000   0.000   0.000
FORCE       4025  425035          1000.0  17.946   0.000   0.000
FORCE       4025  425035          1000.0   0.000   0.000   0.887
FORCE       4025  425130          1000.0   0.000  -3.622   0.000
FORCE       4025  425120          1000.0   0.000  -4.427   0.000
FORCE       4025  400403          1000.0   0.000   0.000  -2.227
FORCE       4025  400401          1000.0   0.000   0.000  -2.227
FORCE       4025  400402          1000.0   0.000   0.000  -2.227
FORCE       4025  400404          1000.0   0.000   0.000  -2.227
FORCE       4025  400408          1000.0   0.000   0.000  -2.227
FORCE       4025  400405          1000.0   0.000   0.000  -2.227
FORCE       4025  400407          1000.0   0.000   0.000  -2.227
FORCE       4025  400406          1000.0   0.000   0.000  -2.227
FORCE       4025  400410          1000.0   0.000   0.000  -2.227
FORCE       4025  400409          1000.0   0.000   0.000  -2.227
FORCE       4025  400412          1000.0   0.000   0.000  -2.227
FORCE       4025  400411          1000.0   0.000   0.000  -2.227
FORCE       4025  400415          1000.0   0.000   0.000  -2.227
FORCE       4025  400416          1000.0   0.000   0.000  -2.227
FORCE       4025  400414          1000.0   0.000   0.000  -2.227
FORCE       4025  400413          1000.0   0.000   0.000  -2.227
FORCE       4025  450000          1000.0   0.000   0.000 -11.892
FORCE       4025  450000          1000.0   0.000  13.207   0.000
FORCE       4025  450001          1000.0   0.000   0.000 -11.892
FORCE       4025  450001          1000.0   0.000 -13.207   0.000
FORCE       4028  400702          1000.0   0.000   0.000  -0.764
FORCE       4028  400703          1000.0   0.000   0.000  -0.764
FORCE       4028  400717          1000.0   0.000   0.000  -0.764
FORCE       4028  400704          1000.0   0.000   0.000  -0.764
FORCE       4028  400705          1000.0   0.000   0.000  -0.764
FORCE       4028  400708          1000.0   0.000   0.000  -0.764
FORCE       4028  400707          1000.0   0.000   0.000  -0.764
FORCE       4028  400706          1000.0   0.000   0.000  -0.764
FORCE       4028  400709          1000.0   0.000   0.000  -0.764
FORCE       4028  400712          1000.0   0.000   0.000  -0.764
FORCE       4028  400710          1000.0   0.000   0.000  -0.764
FORCE       4028  400711          1000.0   0.000   0.000  -0.764
FORCE       4028  400714          1000.0   0.000   0.000  -0.764
FORCE       4028  400713          1000.0   0.000   0.000  -0.764
FORCE       4028  400716          1000.0   0.000   0.000  -0.764
FORCE       4028  400715          1000.0   0.000   0.000  -0.764
FORCE       4028  415000          1000.0   0.000   3.200   0.000
FORCE       4028  415000          1000.0   0.000   0.000 -18.200
FORCE       4028  415001          1000.0   0.000   3.200   0.000
FORCE       4028  415001          1000.0   0.000   0.000 -18.200
FORCE       4028  415000          1000.0   2.050   0.000   0.000
FORCE       4028  415001          1000.0   2.050   0.000   0.000
FORCE       4028  425035          1000.0   0.000   0.000   0.122
FORCE       4028  425035          1000.0   2.457   0.000   0.000
FORCE       4028  425130          1000.0   0.000  -2.895   0.000
FORCE       4028  425120          1000.0   0.000  -3.538   0.000
FORCE       4028  400401          1000.0   0.000   0.000  -0.568
FORCE       4028  400404          1000.0   0.000   0.000  -0.568
FORCE       4028  400403          1000.0   0.000   0.000  -0.568
FORCE       4028  400402          1000.0   0.000   0.000  -0.568
FORCE       4028  400408          1000.0   0.000   0.000  -0.568
FORCE       4028  400405          1000.0   0.000   0.000  -0.568
FORCE       4028  400406          1000.0   0.000   0.000  -0.568
FORCE       4028  400407          1000.0   0.000   0.000  -0.568
FORCE       4028  400410          1000.0   0.000   0.000  -0.568
FORCE       4028  400412          1000.0   0.000   0.000  -0.568
FORCE       4028  400409          1000.0   0.000   0.000  -0.568
FORCE       4028  400411          1000.0   0.000   0.000  -0.568
FORCE       4028  400415          1000.0   0.000   0.000  -0.568
FORCE       4028  400414          1000.0   0.000   0.000  -0.568
FORCE       4028  400416          1000.0   0.000   0.000  -0.568
FORCE       4028  400413          1000.0   0.000   0.000  -0.568
FORCE       4028  450001          1000.0   0.000   0.006   0.000
FORCE       4028  450001          1000.0   0.000   0.000   0.005
FORCE       4028  450000          1000.0   0.000   0.000   0.005
FORCE       4028  450000          1000.0   0.000  -0.006   0.000
FORCE       4029  400702          1000.0   0.000   0.000  -0.068
FORCE       4029  400703          1000.0   0.000   0.000  -0.068
FORCE       4029  400717          1000.0   0.000   0.000  -0.068
FORCE       4029  400704          1000.0   0.000   0.000  -0.068
FORCE       4029  400705          1000.0   0.000   0.000  -0.068
FORCE       4029  400708          1000.0   0.000   0.000  -0.068
FORCE       4029  400707          1000.0   0.000   0.000  -0.068
FORCE       4029  400706          1000.0   0.000   0.000  -0.068
FORCE       4029  400709          1000.0   0.000   0.000  -0.068
FORCE       4029  400712          1000.0   0.000   0.000  -0.068
FORCE       4029  400710          1000.0   0.000   0.000  -0.068
FORCE       4029  400711          1000.0   0.000   0.000  -0.068
FORCE       4029  400714          1000.0   0.000   0.000  -0.068
FORCE       4029  400713          1000.0   0.000   0.000  -0.068
FORCE       4029  400716          1000.0   0.000   0.000  -0.068
FORCE       4029  400715          1000.0   0.000   0.000  -0.068
FORCE       4029  415000          1000.0   0.000  -3.450   0.000
FORCE       4029  415000          1000.0   0.000   0.000 -21.000
FORCE       4029  415001          1000.0   0.000  -3.450   0.000
FORCE       4029  415001          1000.0   0.000   0.000 -21.900
FORCE       4029  415000          1000.0 -36.360   0.000   0.000
FORCE       4029  415001          1000.0 -36.360   0.000   0.000
FORCE       4029  425130          1000.0   0.000   6.689   0.000
FORCE       4029  425120          1000.0   0.000   8.175   0.000
FORCE       4029  400403          1000.0   0.000   0.000   0.005
FORCE       4029  400401          1000.0   0.000   0.000   0.005
FORCE       4029  400402          1000.0   0.000   0.000   0.005
FORCE       4029  400404          1000.0   0.000   0.000   0.005
FORCE       4029  400408          1000.0   0.000   0.000   0.005
FORCE       4029  400405          1000.0   0.000   0.000   0.005
FORCE       4029  400406          1000.0   0.000   0.000   0.005
FORCE       4029  400407          1000.0   0.000   0.000   0.005
FORCE       4029  400410          1000.0   0.000   0.000   0.005
FORCE       4029  400411          1000.0   0.000   0.000   0.005
FORCE       4029  400412          1000.0   0.000   0.000   0.005
FORCE       4029  400409          1000.0   0.000   0.000   0.005
FORCE       4029  400414          1000.0   0.000   0.000   0.005
FORCE       4029  400413          1000.0   0.000   0.000   0.005
FORCE       4029  400416          1000.0   0.000   0.000   0.005
FORCE       4029  400415          1000.0   0.000   0.000   0.005
FORCE       4029  450000          1000.0   0.000   0.000  -0.922
FORCE       4029  450001          1000.0   0.000  -1.023   0.000
FORCE       4029  450001          1000.0   0.000   0.000  -0.922
FORCE       4029  450000          1000.0   0.000   1.023   0.000
FORCE       4033  400704          1000.0   0.000   0.000  -0.543
FORCE       4033  400702          1000.0   0.000   0.000  -0.543
FORCE       4033  400717          1000.0   0.000   0.000  -0.543
FORCE       4033  400703          1000.0   0.000   0.000  -0.543
FORCE       4033  400705          1000.0   0.000   0.000  -0.543
FORCE       4033  400707          1000.0   0.000   0.000  -0.543
FORCE       4033  400708          1000.0   0.000   0.000  -0.543
FORCE       4033  400706          1000.0   0.000   0.000  -0.543
FORCE       4033  400712          1000.0   0.000   0.000  -0.543
FORCE       4033  400711          1000.0   0.000   0.000  -0.543
FORCE       4033  400710          1000.0   0.000   0.000  -0.543
FORCE       4033  400709          1000.0   0.000   0.000  -0.543
FORCE       4033  400714          1000.0   0.000   0.000  -0.543
FORCE       4033  400713          1000.0   0.000   0.000  -0.543
FORCE       4033  400715          1000.0   0.000   0.000  -0.543
FORCE       4033  400716          1000.0   0.000   0.000  -0.543
FORCE       4033  415000          1000.0   0.000 -15.800   0.000
FORCE       4033  415000          1000.0   0.000   0.000 -10.000
FORCE       4033  415001          1000.0   0.000 -15.800   0.000
FORCE       4033  415001          1000.0   0.000   0.000 -10.000
FORCE       4033  415000          1000.0-110.000   0.000   0.000
FORCE       4033  415001          1000.0-110.000   0.000   0.000
FORCE       4033  425035          1000.0 487.783   0.000   0.000
FORCE       4033  425035          1000.0   0.000 101.850   0.000
FORCE       4033  425035          1000.0   0.000   0.000 -26.960
FORCE       4033  425130          1000.0   0.000   1.368   0.000
FORCE       4033  425120          1000.0   0.000   1.672   0.000
FORCE       4033  400403          1000.0   0.000   0.000  -0.543
FORCE       4033  400401          1000.0   0.000   0.000  -0.543
FORCE       4033  400402          1000.0   0.000   0.000  -0.543
FORCE       4033  400404          1000.0   0.000   0.000  -0.543
FORCE       4033  400406          1000.0   0.000   0.000  -0.543
FORCE       4033  400405          1000.0   0.000   0.000  -0.543
FORCE       4033  400408          1000.0   0.000   0.000  -0.543
FORCE       4033  400407          1000.0   0.000   0.000  -0.543
FORCE       4033  400412          1000.0   0.000   0.000  -0.543
FORCE       4033  400410          1000.0   0.000   0.000  -0.543
FORCE       4033  400409          1000.0   0.000   0.000  -0.543
FORCE       4033  400411          1000.0   0.000   0.000  -0.543
FORCE       4033  400415          1000.0   0.000   0.000  -0.543
FORCE       4033  400414          1000.0   0.000   0.000  -0.543
FORCE       4033  400413          1000.0   0.000   0.000  -0.543
FORCE       4033  400416          1000.0   0.000   0.000  -0.543
FORCE       4033  450000          1000.0   0.000   1.360   0.000
FORCE       4033  450001          1000.0   0.000   0.000  -1.225
FORCE       4033  450000          1000.0   0.000   0.000  -1.225
FORCE       4033  450001          1000.0   0.000  -1.360   0.000
FORCE       4041  400702          1000.0   0.000   0.000  -0.299
FORCE       4041  400703          1000.0   0.000   0.000  -0.299
FORCE       4041  400704          1000.0   0.000   0.000  -0.299
FORCE       4041  400717          1000.0   0.000   0.000  -0.299
FORCE       4041  400707          1000.0   0.000   0.000  -0.299
FORCE       4041  400708          1000.0   0.000   0.000  -0.299
FORCE       4041  400706          1000.0   0.000   0.000  -0.299
FORCE       4041  400705          1000.0   0.000   0.000  -0.299
FORCE       4041  400712          1000.0   0.000   0.000  -0.299
FORCE       4041  400710          1000.0   0.000   0.000  -0.299
FORCE       4041  400709          1000.0   0.000   0.000  -0.299
FORCE       4041  400711          1000.0   0.000   0.000  -0.299
FORCE       4041  400713          1000.0   0.000   0.000  -0.299
FORCE       4041  400715          1000.0   0.000   0.000  -0.299
FORCE       4041  400716          1000.0   0.000   0.000  -0.299
FORCE       4041  400714          1000.0   0.000   0.000  -0.299
FORCE       4041  415001          1000.0   0.000  -7.140   0.000
FORCE       4041  415001          1000.0   0.000   0.000 -81.130
FORCE       4041  415000          1000.0   0.000  -5.650   0.000
FORCE       4041  415000          1000.0   0.000   0.000 -75.180
FORCE       4041  415001          1000.0 -58.202   0.000   0.000
FORCE       4041  415000          1000.0 -58.202   0.000   0.000
FORCE       4041  425035          1000.0   0.000   0.000   0.970
FORCE       4041  425035          1000.0  19.629   0.000   0.000
FORCE       4041  425130          1000.0   0.000  -9.180   0.000
FORCE       4041  425120          1000.0   0.000 -11.220   0.000
FORCE       4041  400403          1000.0   0.000   0.000  -1.481
FORCE       4041  400404          1000.0   0.000   0.000  -1.481
FORCE       4041  400402          1000.0   0.000   0.000  -1.481
FORCE       4041  400401          1000.0   0.000   0.000  -1.481
FORCE       4041  400407          1000.0   0.000   0.000  -1.481
FORCE       4041  400406          1000.0   0.000   0.000  -1.481
FORCE       4041  400405          1000.0   0.000   0.000  -1.481
FORCE       4041  400408          1000.0   0.000   0.000  -1.481
FORCE       4041  400410          1000.0   0.000   0.000  -1.481
FORCE       4041  400412          1000.0   0.000   0.000  -1.481
FORCE       4041  400409          1000.0   0.000   0.000  -1.481
FORCE       4041  400411          1000.0   0.000   0.000  -1.481
FORCE       4041  400413          1000.0   0.000   0.000  -1.481
FORCE       4041  400415          1000.0   0.000   0.000  -1.481
FORCE       4041  400414          1000.0   0.000   0.000  -1.481
FORCE       4041  400416          1000.0   0.000   0.000  -1.481
FORCE       4041  450001          1000.0   0.000 -10.051   0.000
FORCE       4041  450000          1000.0   0.000   0.000  -9.050
FORCE       4041  450000          1000.0   0.000  10.051   0.000
FORCE       4041  450001          1000.0   0.000   0.000  -9.050
FORCE       4042  400702          1000.0   0.000   0.000  -2.956
FORCE       4042  400703          1000.0   0.000   0.000  -2.956
FORCE       4042  400704          1000.0   0.000   0.000  -2.956
FORCE       4042  400717          1000.0   0.000   0.000  -2.956
FORCE       4042  400707          1000.0   0.000   0.000  -2.956
FORCE       4042  400708          1000.0   0.000   0.000  -2.956
FORCE       4042  400706          1000.0   0.000   0.000  -2.956
FORCE       4042  400705          1000.0   0.000   0.000  -2.956
FORCE       4042  400712          1000.0   0.000   0.000  -2.956
FORCE       4042  400710          1000.0   0.000   0.000  -2.956
FORCE       4042  400709          1000.0   0.000   0.000  -2.956
FORCE       4042  400711          1000.0   0.000   0.000  -2.956
FORCE       4042  400713          1000.0   0.000   0.000  -2.956
FORCE       4042  400715          1000.0   0.000   0.000  -2.956
FORCE       4042  400716          1000.0   0.000   0.000  -2.956
FORCE       4042  400714          1000.0   0.000   0.000  -2.956
FORCE       4042  415001          1000.0   0.000   1.398   0.000
FORCE       4042  415001          1000.0   0.000   0.000-134.494
FORCE       4042  415000          1000.0   0.000   1.528   0.000
FORCE       4042  415000          1000.0   0.000   0.000-128.304
FORCE       4042  415001          1000.0 -57.448   0.000   0.000
FORCE       4042  415000          1000.0 -57.448   0.000   0.000
FORCE       4042  425035          1000.0   0.000   0.000   1.017
FORCE       4042  425035          1000.0  20.565   0.000   0.000
FORCE       4042  425130          1000.0   0.000  -2.913   0.000
FORCE       4042  425120          1000.0   0.000  -3.560   0.000
FORCE       4042  400403          1000.0   0.000   0.000  -3.003
FORCE       4042  400404          1000.0   0.000   0.000  -3.003
FORCE       4042  400402          1000.0   0.000   0.000  -3.003
FORCE       4042  400401          1000.0   0.000   0.000  -3.003
FORCE       4042  400407          1000.0   0.000   0.000  -3.003
FORCE       4042  400406          1000.0   0.000   0.000  -3.003
FORCE       4042  400405          1000.0   0.000   0.000  -3.003
FORCE       4042  400408          1000.0   0.000   0.000  -3.003
FORCE       4042  400410          1000.0   0.000   0.000  -3.003
FORCE       4042  400412          1000.0   0.000   0.000  -3.003
FORCE       4042  400409          1000.0   0.000   0.000  -3.003
FORCE       4042  400411          1000.0   0.000   0.000  -3.003
FORCE       4042  400413          1000.0   0.000   0.000  -3.003
FORCE       4042  400415          1000.0   0.000   0.000  -3.003
FORCE       4042  400414          1000.0   0.000   0.000  -3.003
FORCE       4042  400416          1000.0   0.000   0.000  -3.003
FORCE       4042  450001          1000.0   0.000 -13.882   0.000
FORCE       4042  450000          1000.0   0.000   0.000 -12.499
FORCE       4042  450000          1000.0   0.000  13.882   0.000
FORCE       4042  450001          1000.0   0.000   0.000 -12.499
FORCE       4043  400702          1000.0   0.000   0.000  -1.445
FORCE       4043  400703          1000.0   0.000   0.000  -1.445
FORCE       4043  400704          1000.0   0.000   0.000  -1.445
FORCE       4043  400717          1000.0   0.000   0.000  -1.445
FORCE       4043  400707          1000.0   0.000   0.000  -1.445
FORCE       4043  400708          1000.0   0.000   0.000  -1.445
FORCE       4043  400706          1000.0   0.000   0.000  -1.445
FORCE       4043  400705          1000.0   0.000   0.000  -1.445
FORCE       4043  400712          1000.0   0.000   0.000  -1.445
FORCE       4043  400710          1000.0   0.000   0.000  -1.445
FORCE       4043  400709          1000.0   0.000   0.000  -1.445
FORCE       4043  400711          1000.0   0.000   0.000  -1.445
FORCE       4043  400713          1000.0   0.000   0.000  -1.445
FORCE       4043  400715          1000.0   0.000   0.000  -1.445
FORCE       4043  400716          1000.0   0.000   0.000  -1.445
FORCE       4043  400714          1000.0   0.000   0.000  -1.445
FORCE       4043  415001          1000.0   0.000 -23.739   0.000
FORCE       4043  415001          1000.0   0.000   0.000  26.434
FORCE       4043  415000          1000.0   0.000 -20.769   0.000
FORCE       4043  415000          1000.0   0.000   0.000   5.055
FORCE       4043  415001          1000.0 -50.231   0.000   0.000
FORCE       4043  415000          1000.0 -50.231   0.000   0.000
FORCE       4043  425035          1000.0   0.000   0.000   0.277
FORCE       4043  425035          1000.0   5.602   0.000   0.000
FORCE       4043  425130          1000.0   0.000  -2.784   0.000
FORCE       4043  425120          1000.0   0.000  -3.403   0.000
FORCE       4043  400403          1000.0   0.000   0.000   1.136
FORCE       4043  400404          1000.0   0.000   0.000   1.136
FORCE       4043  400402          1000.0   0.000   0.000   1.136
FORCE       4043  400401          1000.0   0.000   0.000   1.136
FORCE       4043  400407          1000.0   0.000   0.000   1.136
FORCE       4043  400406          1000.0   0.000   0.000   1.136
FORCE       4043  400405          1000.0   0.000   0.000   1.136
FORCE       4043  400408          1000.0   0.000   0.000   1.136
FORCE       4043  400410          1000.0   0.000   0.000   1.136
FORCE       4043  400412          1000.0   0.000   0.000   1.136
FORCE       4043  400409          1000.0   0.000   0.000   1.136
FORCE       4043  400411          1000.0   0.000   0.000   1.136
FORCE       4043  400413          1000.0   0.000   0.000   1.136
FORCE       4043  400415          1000.0   0.000   0.000   1.136
FORCE       4043  400414          1000.0   0.000   0.000   1.136
FORCE       4043  400416          1000.0   0.000   0.000   1.136
FORCE       4043  450001          1000.0   0.000   8.588   0.000
FORCE       4043  450000          1000.0   0.000   0.000   7.733
FORCE       4043  450000          1000.0   0.000  -8.588   0.000
FORCE       4043  450001          1000.0   0.000   0.000   7.733
