1.- TITULO Y COMENTARIOS (4 lineas en total) 
 EJEMPLO 6: BIDIMENSIONAL MATERIAL COMPUESTO 
 Adherente 1: CFC (60/30/10). Adherente 2: Al. 
 Lineas enfrentadas al hueco: 1.
 Sin adhesivo
2.- DIMENSION DEL PROBLEMA. 
   BIDIMENSIONAL 
3.- NATURALEZA DE LA REPARACION: 
    2
4.- DIMENSIONES DE LA ZONA SANEADA Y DEL PARCHE DE REPARACION 
   108.3 325.1 4.68 3.5 14329.6 27579.
5.- NUMERO DE FILAS ENFRENTADAS CON ZONA SANEADA A ANALIZAR. 
    1 
6.- GEOMETRIA DEL PROBLEMA. 
    5
    1    0.0 
    2   13.5 
    3   40.5 
    4   67.5 
    5   81. 
7.- DATOS DE LOS REMACHES. 
     3 
    1   1  2  0.0      4.8     110317.     0.       11671. 
    2   1  3  0.0      4.8     110317.     0.       11671. 1 2 27. 20. 24. 
    3   1  4  0.0      4.8     110317.     0.       11671. 
8.- DATOS DEL ADHESIVO. 
    0 
    0
9.- DATOS DEL ELEMENTO 1. 
     2 4 60 30
    1 24.0  4.68  95568.9  14329.6  0.41  0.12  -9.5e-7  3650 
    2 24.0  4.68  95568.9  14329.6  0.41  0.12  -9.5e-7  3650 1128 4773 410
    3 24.0  4.68  95568.9  14329.6  0.41  0.12  -9.5e-7  3650 
    4 24.0  4.68  95568.9  14329.6  0.41  0.12  -9.5e-7  3650 1128 4773 410
    5 24.0  4.68  95568.9  14329.6  0.41  0.12  -9.5e-7  3650 
10.- DATOS DEL ELEMENTO 2. 
     1 
    1 24.0   3.5   72395  27579. 0.33   0.33   22.5e-6   441 
    2 24.0   3.5   72395  27579. 0.33   0.33   22.5e-6   441 841
    3 24.0   3.5   72395  27579. 0.33   0.33   22.5e-6   441 841
    4 24.0   3.5   72395  27579. 0.33   0.33   22.5e-6   441 841
    5 24.0   3.5   72395  27579. 0.33   0.33   22.5e-6   441 
11.- Cargas aplicadas 
     10000.     5000. 
    0.0 
12.- REMACHE DE ESQUINA. GEOMETRIA DEL PROBLEMA. DIRECCION X. 
    11 4
    1    0.0 
    2   13.5 
    3   40.5 
    4   67.5
    5   95.4
    6   121.5 
    7   148.5
    8   175.5
    9   202.5
   10   229.5
   11   243.
13.- DATOS DE LOS REMACHES. DIRECCION X. 
     9
    1 1   2  0.0   4.8    110317.    0.      11671. 1 2 27. 13.5 24. 
    2 1   3  0.0   4.8    110317.    0.      11671. 1 2 27. 20. 24.  
    3 1   4  0.0   4.8    110317.    0.      11671. 1 2 27. 20. 24.  
    4 1   5  0.0   4.8    110317.    0.      11671. 
    5 1   6  0.0   4.8    110317.    0.      11671. 
    6 1   7  0.0   4.8    110317.    0.      11671. 
    7 1   8  0.0   4.8    110317.    0.      11671. 
    8 1   9  0.0   4.8    110317.    0.      11671. 
    9 1  10  0.0   4.8    110317.    0.      11671. 
14.- DATOS DEL ADHESIVO. 
     0 
     0
15.- DATOS DEL ELEMENTO 1. DIRECCION X 
     2 4 60 30
    1 24.0  4.68  95568.9  14329.6  0.41  0.12  -9.5e-7  3650 
    2 24.0  4.68  95568.9  14329.6  0.41  0.12  -9.5e-7  3650
    3 24.0  4.68  95568.9  14329.6  0.41  0.12  -9.5e-7  3650
    4 24.0  4.68  95568.9  14329.6  0.41  0.12  -9.5e-7  3650
    5 24.0  4.68  95568.9  14329.6  0.41  0.12  -9.5e-7  3650 1196 4773 410
    6 24.0  4.68  95568.9  14329.6  0.41  0.12  -9.5e-7  3650 1196 4773 410
    7 24.0  4.68  95568.9  14329.6  0.41  0.12  -9.5e-7  3650 1196 4773 410
    8 24.0  4.68  95568.9  14329.6  0.41  0.12  -9.5e-7  3650 1196 4773 410
    9 24.0  4.68  95568.9  14329.6  0.41  0.12  -9.5e-7  3650 1196 4773 410
   10 24.0  4.68  95568.9  14329.6  0.41  0.12  -9.5e-7  3650 1128 4773 410
   11 24.0  4.68  95568.9  14329.6  0.41  0.12  -9.5e-7  3650 
16.- DATOS DEL ELEMENTO 2. DIRECCION X 
     1 
    1 24.0   3.5   72395  27579. 0.33   0.33   22.5e-6   441 
    2 24.0   3.5   72395  27579. 0.33   0.33   22.5e-6   441 841
    3 24.0   3.5   72395  27579. 0.33   0.33   22.5e-6   441 841
    4 24.0   3.5   72395  27579. 0.33   0.33   22.5e-6   441 841
    5 24.0   3.5   72395  27579. 0.33   0.33   22.5e-6   441 841
    6 24.0   3.5   72395  27579. 0.33   0.33   22.5e-6   441 841
    7 24.0   3.5   72395  27579. 0.33   0.33   22.5e-6   441 841
    8 24.0   3.5   72395  27579. 0.33   0.33   22.5e-6   441 841
    9 24.0   3.5   72395  27579. 0.33   0.33   22.5e-6   441 841
   10 24.0   3.5   72395  27579. 0.33   0.33   22.5e-6   441 841
   11 24.0   3.5   72395  27579. 0.33   0.33   22.5e-6   441 
17.- CARGAS PARA EL PROBLEMA EN DIRECCION X
	10000. 5000.
	0.
18.- REMACHE DE ESQUINA. GEOMETRIA DEL PROBLEMA. DIRECCION Y. 
    11 4
    1    0.0 
    2   12.
    3   36. 
    4   60. 
    5   84. 
    6   108. 
    7   132. 
    8   156. 
    9   180. 
   10   204.
   11   216.
19.- DATOS DE LOS REMACHES. DIRECCION Y. 
     9     
    1 1  2  0.0   4.8    110317.    0.      11671. 
    2 1  3  0.0   4.8    110317.    0.      11671. 
    3 1  4  0.0   4.8    110317.    0.      11671. 
    4 1  5  0.0   4.8    110317.    0.      11671. 1 2 24. 20. 27.
    5 1  6  0.0   4.8    110317.    0.      11671. 1 2 24. 20. 27.
    6 1  7  0.0   4.8    110317.    0.      11671. 
    7 1  8  0.0   4.8    110317.    0.      11671. 
    8 1  9  0.0   4.8    110317.    0.      11671. 
    9 1 10  0.0   4.8    110317.    0.      11671. 
20.- DATOS DEL ADHESIVO. 
    0
    0 
21.- DATOS DEL ELEMENTO 1. DIRECCION Y. 
      2 4 60 30
    1 24.0  4.68  28254.0  14329.6  0.41  0.12   6.8e-6  3650 
    2 24.0  4.68  28254.0  14329.6  0.41  0.12   6.8e-6  3650 1156 4848 410
    3 24.0  4.68  28254.0  14329.6  0.41  0.12   6.8e-6  3650 1284 4848 410
    4 24.0  4.68  28254.0  14329.6  0.41  0.12   6.8e-6  3650 1284 4848 410
    5 24.0  4.68  28254.0  14329.6  0.41  0.12   6.8e-6  3650 
    6 24.0  4.68  28254.0  14329.6  0.41  0.12   6.8e-6  3650
    7 24.0  4.68  28254.0  14329.6  0.41  0.12   6.8e-6  3650 1284 4848 410
    8 24.0  4.68  28254.0  14329.6  0.41  0.12   6.8e-6  3650 1284 4848 410
    9 24.0  4.68  28254.0  14329.6  0.41  0.12   6.8e-6  3650 1284 4848 410
   10 24.0  4.68  28254.0  14329.6  0.41  0.12   6.8e-6  3650 1156 4848 410
   11 24.0  4.68  28254.0  14329.6  0.41  0.12   6.8e-6  3650 
22.- DATOS DEL ELEMENTO 2. DIRECCION Y
     1 
    1 24.0   3.5   72395  27579. 0.33   0.33   22.5e-6   441 
    2 24.0   3.5   72395  27579. 0.33   0.33   22.5e-6   441 841
    3 24.0   3.5   72395  27579. 0.33   0.33   22.5e-6   441 841
    4 24.0   3.5   72395  27579. 0.33   0.33   22.5e-6   441 841
    5 24.0   3.5   72395  27579. 0.33   0.33   22.5e-6   441 841
    6 24.0   3.5   72395  27579. 0.33   0.33   22.5e-6   441 841
    7 24.0   3.5   72395  27579. 0.33   0.33   22.5e-6   441 841
    8 24.0   3.5   72395  27579. 0.33   0.33   22.5e-6   441 841
    9 24.0   3.5   72395  27579. 0.33   0.33   22.5e-6   441 841
   10 24.0   3.5   72395  27579. 0.33   0.33   22.5e-6   441 841
   11 24.0   3.5   72395  27579. 0.33   0.33   22.5e-6   441 
23.- Cargas aplicadas 
	1000.  5625.
    0 
	889.
