DEN CASA: PROBLEM 2 MIL-HDBK-17-1D Section 8.7
DEN MAT.: Z-19776+Z19785
TEST:     LAP SHEAR/DIN 65148(RT)
UNITS:    MPA
LOTS:     9
LINEAS:   2
'XXXXXX',7,61.3,68.5,62.5,66.0,66.6,64.8,69.5
'XXXXXX',5,66.5,64.7,64.9,65.2,70.3
'XXXXXX',5,66.0,72.7,67.1,67.7,65.7
'XXXXXX',7,61.9,68.0,63.3,74.6,66.2,68.2,69.1
'XXXXXX',6,68.9,65.0,70.9,65.4,66.5,64.9
'XXXXXX',5,75.8,75.2,71.5,69.6,66.1
'XXXXXX',5,72.8,75.0,66.3,69.5,71.9
'XXXXXX',6,71.9,71.0,69.5,69.5,72.6,74.6
'XXXXXX',7,68.7,76.3,76.6,69.6,66.2,72.4,72.8
