DEN CASA: PROBLEM 4 MIL-HDBK-17-1D Section 8.7
DEN MAT.: Z-19776+Z19785
TEST:     LAP SHEAR/DIN 65148(RT)
UNITS:    MPA
LOTS:     9
LINEAS:   2
'XXXXXX',7,30.4,29.6,29.3,27.9,29.8,30.5,29.4
'XXXXXX',5,31.5,31.1,27.9,34.5,29.5
'XXXXXX',5,29.6,29.8,29.1,30.0,30.4
'XXXXXX',7,32.1,29.7,26.9,30.0,31.4,28.3,31.9
'XXXXXX',6,30.0,31.5,32.0,30.2,30.6,31.1
'XXXXXX',5,29.6,29.3,30.4,32.1,32.8
'XXXXXX',5,29.9,30.9,32.1,31.4,32.0
'XXXXXX',6,29.2,31.0,31.8,30.3,28.2,28.0
'XXXXXX',7,30.1,29.2,27.7,28.0,31.4,29.6,32.3
