DEN CASA: PROBLEM 5 MIL-HDBK-17-1D Section 8.7
DEN MAT.: Z-19776+Z19785
TEST:     LAP SHEAR/DIN 65148(RT)
UNITS:    MPA
LOTS:     9
LINEAS:   2
'XXXXXX',7,30.4,29.0,34.8,30.5,27.3,27.9,29.4
'XXXXXX',5,29.8,32.4,33.2,29.9,30.5
'XXXXXX',5,31.1,32.0,31.0,29.3,29.9
'XXXXXX',7,32.2,29.9,29.1,29.9,32.7,31.6,31.6
'XXXXXX',6,27.5,29.3,29.1,29.5,28.7,29.5
'XXXXXX',5,29.9,28.9,29.2,29.1,31.1
'XXXXXX',5,31.1,30.4,33.4,30.0,27.3
'XXXXXX',6,31.3,30.2,30.2,29.1,33.0,34.4
'XXXXXX',7,28.4,30.1,30.5,29.4,28.7,32.3,29.6
