DEN CASA: PROBLEM 6 MIL-HDBK-17-1D Section 8.7
DEN MAT.: Z-19776+Z19785
TEST:     LAP SHEAR/DIN 65148(RT)
UNITS:    MPA
LOTS:     9
LINEAS:   2
'XXXXXX',7,72.3,65.3,74.3,68.5,65.7,64.3,72.8
'XXXXXX',5,74.5,66.3,74.3,69.3,64.9
'XXXXXX',5,75.3,68.5,75.2,74.5,69.6
'XXXXXX',7,65.6,74.6,76.5,72.0,69.2,74.3,78.7
'XXXXXX',6,68.1,72.1,66.6,75.0,67.2,73.4
'XXXXXX',5,66.4,72.6,67.5,76.3,65.1
'XXXXXX',5,73.3,72.6,67.8,69.4,67.3
'XXXXXX',6,75.2,72.8,67.8,76.2,72.8,68.7
'XXXXXX',7,72.3,76.0,65.8,69.9,67.8,74.6,71.3
