DEN CASA: PROBLEM 3 MIL-HDBK-17-1D Section 8.7
DEN MAT.: Z-19776+Z19785
TEST:     LAP SHEAR/DIN 65148(RT)
UNITS:    MPA
LOTS:     9
LINEAS:   2
'XXXXXX',7,67.4,61.8,72.6,56.0,69.0,75.0,65.4
'XXXXXX',5,59.4,66.2,74.8,75.7,63.9
'XXXXXX',5,70.5,61.7,66.6,66.1,72.7
'XXXXXX',7,65.5,61.7,60.6,75.0,64.4,75.3,71.7
'XXXXXX',6,51.6,64.3,74.2,75.4,60.5,47.1
'XXXXXX',5,73.5,77.0,66.7,66.4,65.0
'XXXXXX',5,64.0,66.2,64.3,60.4,72.4
'XXXXXX',6,71.0,66.9,76.8,64.4,70.0,72.1
'XXXXXX',7,73.9,78.5,68.0,75.0,79.5,60.6,71.4
