DEN CASA: PROBLEM 1 MIL-HDBK-17-1D Section 8.7
DEN MAT.: Z-19776+Z19785
TEST:     LAP SHEAR/DIN 65148(RT)
UNITS:    MPA
LOTS:     9
LINEAS:   2
'XXXXXX',7,65.4,63.6,63.4,61.3,61.0,61.6,65.4
'XXXXXX',5,64.0,64.8,66.4,61.2,64.7
'XXXXXX',5,68.4,68.8,66.8,63.6,69.3
'XXXXXX',7,66.8,67.9,68.9,65.6,64.6,71.1,64.1
'XXXXXX',6,74.6,74.2,62.7,73.3,68.6,74.0
'XXXXXX',5,67.4,68.0,74.6,74.9,65.5
'XXXXXX',5,69.4,71.5,69.9,86.4,65.4
'XXXXXX',6,64.7,70.0,70.2,79.2,76.8,78.5
'XXXXXX',7,70.7,80.6,68.3,87.0,81.1,79.7,82.3
